106   0   0
1130   0   0
2154   0   -0
3178   2.83933e-05   -7.7343e-06
4202   -4.55852e-06   2.40608e-05
5226   -1.1095e-05   5.37501e-06
6250   -3.54564e-05   -1.53246e-05
7274   -4.87828e-05   6.27275e-05
8298   -8.9235e-05   -2.01879e-06
9322   0.000135184   5.74212e-05
10346   1.26842e-05   -5.91042e-06
11370   -0   0
12394   1.58084e-05   3.05512e-07
13418   -3.08556e-05   -3.53967e-05
14442   -2.92775e-05   1.82208e-05
15466   4.61371e-05   -2.63888e-05
16490   -0.000146727   -4.5566e-05
17514   -0.000436867   -0.000631607
18538   -0.000103595   8.61175e-06
19562   -5.52709e-05   2.72926e-05
20586   3.31584e-05   2.89917e-05
21610   -0.000406256   -0.000330957
22634   -4.25393e-05   -0.000196488
23658   -3.23463e-06   -1.33269e-06
24682   -0.000203642   -3.07109e-06
25706   0.00016833   0.000179435
26730   -1.50537e-05   5.51235e-06
27754   4.32567e-06   -9.23518e-06
28778   0.000121907   6.48409e-05
29802   6.46519e-06   1.49399e-05
30826   6.39947e-05   5.20546e-05
31850   -4.91276e-05   -1.36058e-05
32874   -5.37939e-05   -2.7041e-05
33898   2.07318e-05   -2.38787e-05
34922   0.000221014   -0.00157386
35946   -0.000127606   -0.000117438
36970   3.74942e-05   6.25989e-06
37994   -3.29296e-05   3.61198e-05
39018   0.000206401   0.000317376
40042   -1.0051e-05   -0.00165941
41066   0.000358006   -0.000471383
42090   -7.60463e-06   -2.06332e-05
43114   -0.000144046   7.24855e-05
44138   -8.62871e-05   1.21055e-05
45162   0.000215914   -6.14016e-05
46186   0.000122388   0.00030152
47210   1.51788e-05   -0.000116737
48234   1.11615e-05   -2.32684e-05
49258   0.000350117   2.63987e-06
50282   -0.000520328   -0.000280251
51306   -8.46587e-05   -0.000176844
52330   -1.28656e-05   1.9557e-05
53354   4.67714e-05   2.44265e-05
54378   -1.79399e-05   -3.4988e-05
55402   0   0
56426   2.12883e-06   -1.61468e-05
57450   3.47792e-05   -8.33031e-05
58474   0   0
59498   -6.13772e-06   3.25244e-06
60522   2.62821e-05   7.23827e-05
61546   -0.000104052   0.00066737
62570   0.000779279   -0.000425424
63594   0   -0
64618   3.01189e-06   -1.49057e-05
65642   -8.15904e-05   2.16102e-05
66666   -0.000110935   0.000164771
67690   0.000115336   0.00143803
68714   0.00178188   -0.00155626
69738   0.000951108   -0.000117614
70762   -0   0
71786   -0   0
72810   1.80439e-05   -3.5699e-05
73834   -0.000267724   -0.000234247
74858   -0.000532425   -0.000385266
75882   -0.00020058   -0.00270061
76906   -0.000977423   0.00169053
77930   0.00029053   -0.000191652
78954   1.77192e-05   -5.65962e-06
79978   -0   0
81002   0   -0
82026   -3.61841e-05   1.24784e-05
83050   -0.000485973   -0.000143007
84074   -0.000222406   -0.00113412
85098   -6.69715e-05   0.000267273
86122   -8.90556e-06   -1.79357e-05
87146   1.38028e-05   6.38232e-06
88170   0   0
89194   0.000676907   0.000416108
90218   8.22626e-05   0.000218581
91242   2.22266e-05   3.28021e-05
92266   -6.52134e-06   2.3921e-06
93290   0   0
94314   6.14083e-06   1.81389e-06
95338   -1.60551e-05   -2.73589e-06
96362   0   0
97386   5.41734e-06   -7.18696e-06
98410   -8.85926e-05   1.73308e-05
99434   -1.76289e-05   4.78315e-05
100458   9.87411e-06   1.44049e-05
101482   3.0049e-05   -4.4216e-05
102506   0.000574171   -0.000278159
103530   -0.00088509   -6.98289e-05
104554   -0.000127606   0.000117438
105578   2.82567e-05   5.52781e-06
106602   -8.0005e-05   2.87785e-05
107626   -0.000206087   -0.000132342
108650   -0.000828154   0.000356654
109674   0.000473879   1.07207e-05
110698   -0.000763181   -0.000579651
111722   -2.11923e-05   5.86917e-06
112746   4.52175e-06   1.53478e-05
113770   2.44574e-06   -1.19171e-05
114794   2.11857e-05   -0.000637841
115818   0.000273807   -6.97058e-05
116842   -0.0113145   0.0111332
117866   -0.00186667   9.23151e-05
118890   0.000118708   6.42922e-05
119914   3.9213e-06   -1.81831e-05
120938   -3.93774e-05   -7.02972e-06
121962   -3.35064e-06   1.76854e-05
122986   0.00144085   0.0015247
124010   -0.00091456   0.00203166
125034   0.00274916   -0.00393394
126058   -0.000296675   0.000193328
127082   4.65551e-05   1.20674e-05
128106   -2.26079e-06   -3.29982e-06
129130   0.000142937   -7.46493e-05
130154   3.59093e-05   1.32485e-05
131178   0.000138741   -0.000178401
132202   -0.000655515   -0.00150307
133226   -6.0427e-05   7.65544e-05
134250   5.88097e-05   -2.20321e-05
135274   4.7646e-05   2.06363e-05
136298   -0.000350117   2.63987e-06
137322   -0.000726262   -0.000322323
138346   -3.26313e-05   1.52051e-05
139370   9.88622e-06   2.47237e-05
140394   -8.27416e-07   -1.49772e-05
141418   -4.71344e-05   -2.37185e-05
142442   3.73477e-07   -6.39222e-06
143466   7.99432e-06   3.01521e-07
144490   1.49363e-05   -6.49284e-06
145514   3.81337e-05   7.31493e-05
146538   -3.18842e-05   1.31365e-05
147562   2.44314e-05   -3.29258e-05
148586   -4.90368e-05   2.12931e-05
149610   -0.000588203   -0.000332006
150634   -0.000844874   -0.00134613
151658   -0.000103595   -8.61175e-06
152682   -1.70449e-06   -4.45207e-05
153706   -3.69366e-05   -4.71984e-05
154730   -0.000390039   0.0001926
155754   0.000901299   -2.65029e-05
156778   0.00170968   0.00163525
157802   -7.26285e-05   -0.000587448
158826   -2.97018e-06   -1.84849e-06
159850   -2.05776e-06   3.43011e-06
160874   3.23107e-05   1.33883e-07
161898   0.000171145   0.000931617
162922   0.00349813   -0.00370909
163946   -0.000226974   -3.42295e-06
164970   0.00158262   0.00099413
165994   -1.77035e-06   0.000348044
167018   2.20813e-05   -1.33573e-05
168042   -1.06123e-05   -1.08917e-05
169066   6.09936e-06   -1.05261e-05
170090   -0.000294606   0.000183348
171114   0.000235285   0.00543865
172138   -0.00905205   0.00906415
173162   0.00470903   -0.000183114
174186   7.23963e-05   3.85068e-05
175210   -1.71879e-05   -4.49174e-05
176234   -1.06123e-05   -1.08917e-05
177258   -1.75275e-05   3.37311e-05
178282   0.000334855   -0.000120084
179306   -0.00136641   -0.00159176
180330   -0.0016244   0.000135034
181354   -0.00223291   0.00215968
182378   6.67646e-05   -3.89164e-05
183402   1.37265e-05   9.62209e-06
184426   -2.17132e-05   -3.11855e-05
185450   5.44227e-05   -2.89468e-05
186474   8.60088e-05   1.3946e-05
187498   0.000258277   0.000435791
188522   0.000176332   0.00163028
189546   8.78369e-05   3.61894e-05
190570   -3.30101e-05   5.26909e-05
191594   1.00458e-05   2.86466e-07
192618   0.000203642   -3.07109e-06
193642   0.000525623   0.000270191
194666   -0.000114452   -0.000203582
195690   1.92655e-05   -1.83804e-05
196714   8.43661e-06   9.89058e-06
197738   -0.000123807   -6.11353e-05
198762   2.68426e-05   2.87311e-05
199786   1.49363e-05   -6.49284e-06
200810   -2.84746e-05   -3.7339e-05
201834   -2.21973e-05   -1.03432e-05
202858   -1.67538e-05   -6.26969e-06
203882   6.62252e-05   3.92966e-05
204906   3.15887e-05   -1.46816e-06
205930   0.000140619   -0.000754988
206954   -4.87828e-05   -6.27275e-05
207978   -2.59519e-05   3.55316e-05
209002   -4.01731e-05   -4.44761e-05
210026   -2.02084e-05   0.000244085
211050   0.00050283   0.00135218
212074   -8.50851e-05   0.00165726
213098   0.00013552   -0.000148497
214122   2.60487e-06   1.37491e-05
215146   -4.01534e-05   8.28905e-06
216170   -1.31879e-05   0.000153581
217194   -0.00171777   0.0008644
218218   -0.00476527   -0.00181288
219242   -0.0109736   -0.0114693
220266   2.49289e-05   0.00195259
221290   -8.94772e-05   7.64973e-05
222314   8.77408e-06   -5.19765e-06
223338   -1.81777e-05   -2.23287e-05
224362   2.33218e-05   -2.23628e-05
225386   -0.000265988   -7.36649e-05
226410   -0.00525136   0.00403618
227434   0.134515   0.00101424
228458   -0.00405352   -0.00240363
229482   -5.52316e-06   -0.000354064
230506   1.88176e-05   6.84816e-06
231530   4.65575e-05   7.04017e-05
232554   0.000581625   0.000262683
233578   0.00124356   -0.0052998
234602   0.00330012   0.00303717
235626   -0.0101462   0.0010927
236650   0.00057084   0.000298124
237674   -1.12822e-05   -1.23981e-05
238698   2.82083e-06   5.18463e-05
239722   -4.88176e-05   2.10201e-05
240746   1.74354e-05   4.56619e-05
241770   0.00032774   0.000569642
242794   -0.00123747   -0.00185277
243818   0.00101449   -0.00293614
244842   5.6369e-05   0.000152943
245866   9.12235e-05   3.66917e-05
246890   -6.93087e-06   -9.79607e-06
247914   1.08406e-05   -5.87127e-06
248938   -3.37702e-05   2.82768e-05
249962   6.34086e-06   -0.000224385
250986   0.000369408   0.00109509
252010   1.10386e-05   -9.69028e-05
253034   6.21049e-05   -2.99674e-06
254058   -1.32379e-06   1.09201e-05
255082   8.9235e-05   -2.01879e-06
256106   -0.000243213   -3.71425e-05
257130   8.09533e-05   0.000178571
258154   3.38469e-05   -2.06007e-05
259178   -1.46593e-05   -3.1786e-06
260202   0   0
261226   -1.18667e-05   -1.11437e-05
262250   -1.32819e-05   2.626e-05
263274   0   0
264298   -1.33392e-06   6.81694e-06
265322   -1.65548e-05   -5.78873e-05
266346   -5.5189e-05   0.000143385
267370   2.60984e-05   -2.84759e-05
268394   0   0
269418   4.29289e-05   -1.1921e-05
270442   4.20587e-05   -7.38922e-05
271466   -0.000198267   -1.2088e-05
272490   -5.30382e-05   0.000374855
273514   -0.000420807   0.000312246
274538   -0.000145731   -1.82913e-05
275562   0   -0
276586   0   0
277610   0.000153753   1.09998e-05
278634   -0.000646168   -0.000692581
279658   -0.000276804   5.66437e-05
280682   -0.000281925   0.00269334
281706   -0.000254303   0.000203034
282730   -3.60851e-06   -1.56198e-05
283754   -1.83134e-06   -1.5705e-05
284778   1.60648e-05   4.15563e-05
285802   0.000111413   -0.000106528
286826   0   -0
287850   0.00650521   0.00124491
288874   -0.00891434   -0.00919961
289898   -0.000543886   -0.00476843
290922   0.000184187   -0.000204928
291946   -1.79989e-05   1.4968e-05
292970   1.94505e-08   6.94619e-06
293994   -7.78075e-05   3.42781e-05
295018   0.000626022   -0.000710843
296042   0.00529136   -0.0039836
297066   0   -0
298090   0.00848774   0.0056655
299114   6.21182e-06   7.70287e-05
300138   1.44108e-05   -6.11255e-05
301162   1.94505e-08   6.94619e-06
302186   5.81563e-05   1.55833e-05
303210   -0.000196824   2.67625e-05
304234   0.000256046   0.000119456
305258   0.00828309   -0.00977183
306282   0.00989808   -0.00248351
307306   0   0
308330   -4.92326e-05   -8.51126e-05
309354   -3.0733e-06   9.56843e-06
310378   -2.32443e-05   1.80473e-05
311402   0.000153226   1.12624e-05
312426   -0.000294163   -0.000238322
313450   0.000248089   0.00269667
314474   -0.00240467   0.00415346
315498   -7.6051e-05   1.37201e-05
316522   -9.61252e-05   -2.06867e-05
317546   -0   0
318570   0   0
319594   3.57757e-05   -1.45637e-05
320618   0.000420807   0.000312246
321642   -4.32832e-05   -0.000322521
322666   0.000140742   -0.000236879
323690   -4.79968e-05   4.05007e-05
324714   -9.82326e-06   -2.12218e-06
325738   0   0
326762   -0.000123875   -7.89111e-05
327786   -1.39035e-05   7.98077e-06
328810   -3.5761e-06   -2.31346e-05
329834   -1.33392e-06   6.81694e-06
330858   0   -0
331882   5.06747e-06   -1.49773e-05
332906   -3.45158e-05   4.04185e-05
333930   -1.1095e-05   5.37501e-06
334954   -1.38624e-05   -2.52356e-05
335978   3.5268e-05   -7.66823e-05
337002   -4.86977e-05   4.18747e-06
338026   -1.78106e-05   4.02838e-05
339050   -8.9235e-05   -2.01879e-06
340074   4.93414e-06   4.0702e-05
341098   -4.92227e-06   3.19339e-05
342122   0.000524854   0.000363069
343146   0.000311188   -0.000578851
344170   0.000213964   6.78845e-05
345194   -0.000234613   7.40861e-05
346218   -0   0
347242   2.54132e-05   -3.59189e-05
348266   -0.000121223   9.52154e-05
349290   -9.5447e-05   0.000258971
350314   0.00223453   0.00496398
351338   -0.00088382   -0.00204522
352362   0.000735675   -0.000891329
353386   -0.000193959   2.86507e-05
354410   -1.55681e-05   -4.75739e-06
355434   4.33885e-06   -1.73544e-05
356458   -5.9928e-05   7.97006e-07
357482   0.00170454   -0.000890204
358506   -0.00653435   -0.00108155
359530   0.00330012   -0.00303717
360554   0.000979472   0.002948
361578   2.82979e-05   -9.3334e-05
362602   -3.53517e-05   -1.78957e-05
363626   -3.08345e-05   -7.05637e-05
364650   -0.000244807   7.46727e-06
365674   -0.0045082   0.00238127
366698   -0.134515   0.00101424
367722   -0.00772537   -0.00666771
368746   0.000157087   -4.3505e-05
369770   -4.74889e-05   4.01348e-05
370794   -1.38479e-05   -5.76494e-06
371818   4.65838e-05   -5.9122e-06
372842   3.05797e-05   -8.05498e-06
373866   0.000381004   -0.00139143
374890   0.0101576   -0.0121979
375914   -0.0044818   0.00145667
376938   -0.000575271   -0.000289482
377962   3.54693e-05   9.17057e-05
378986   1.07729e-05   2.22389e-06
380010   -4.55852e-06   2.40608e-05
381034   0.000582692   0.00050025
382058   0.000264083   0.00163829
383082   0.00111951   -0.00159998
384106   0.000351179   -4.54463e-05
385130   -1.67606e-05   2.84957e-07
386154   7.0778e-06   9.69045e-06
387178   -4.87828e-05   6.27275e-05
388202   6.0521e-05   0.000191714
389226   -7.14606e-05   9.35488e-05
390250   -1.12818e-05   -1.65445e-05
391274   -5.11968e-05   8.654e-06
392298   1.26842e-05   -5.91042e-06
393322   9.71687e-08   1.01976e-05
394346   1.32828e-05   -7.40391e-06
395370   -2.55785e-07   3.80123e-05
396394   -5.52709e-05   2.72926e-05
397418   -2.59588e-06   3.04326e-06
398442   -1.2153e-05   5.51372e-07
399466   2.85826e-05   0.000354586
400490   8.29322e-05   -2.67255e-05
401514   -0.000203642   -3.07109e-06
402538   -4.45338e-05   -1.31822e-06
403562   -2.54383e-05   1.99222e-05
404586   -0.000320836   0.000132187
405610   -0.000601714   0.00200965
406634   -0.000488074   0.000135663
407658   0.000590999   1.37134e-06
408682   0.000121907   6.48409e-05
409706   -2.34275e-05   3.36475e-05
410730   8.37627e-06   -5.93451e-05
411754   0.000941078   -0.000107581
412778   -0.0035557   -0.00412205
413802   -0.0016244   -0.000135034
414826   0.00127685   -0.00102886
415850   0.000226388   -5.73873e-05
416874   3.69774e-05   1.33668e-05
417898   8.34883e-06   1.39838e-05
418922   -1.56233e-05   5.11264e-05
419946   0.000384054   -0.000204274
420970   0.00509818   -5.30889e-05
421994   0.0084295   0.00964582
423018   0.000413591   -0.0030788
424042   8.06558e-05   5.0196e-05
425066   -2.5874e-05   -6.28773e-06
426090   8.34883e-06   1.39838e-05
427114   1.05024e-05   -8.18211e-05
428138   0.000254094   -0.000625816
429162   0.000564752   -0.00070292
430186   0.000226974   -3.42295e-06
431210   0.00339833   0.00326494
432234   -3.42998e-05   -6.92497e-05
433258   -6.7555e-06   -6.18091e-05
434282   6.68771e-06   1.11478e-05
435306   -2.92775e-05   1.82208e-05
436330   -7.58182e-05   0.00158749
437354   -0.0014033   0.00190468
438378   0.00178342   -0.000558916
439402   -7.35246e-05   -3.63062e-05
440426   2.59052e-06   1.65617e-05
441450   9.66975e-07   -1.00032e-05
442474   -0.000103595   8.61175e-06
443498   -0.000276064   0.000523601
444522   -0.000345415   4.27334e-05
445546   -4.53283e-05   -1.60732e-05
446570   2.26438e-05   3.05166e-05
447594   -3.23463e-06   -1.33269e-06
448618   -2.57538e-05   -1.65535e-06
449642   1.32828e-05   -7.40391e-06
450666   -1.59886e-05   6.03043e-07
451690   -3.80822e-05   1.22372e-05
452714   -0.000144046   7.24855e-05
453738   2.71057e-05   9.70996e-06
454762   -1.12833e-05   4.54829e-06
455786   -1.63157e-05   -7.60257e-06
456810   3.79316e-05   -5.11829e-06
457834   0.000350117   2.63987e-06
458858   1.49058e-05   -9.10044e-06
459882   4.38512e-05   -7.28428e-05
460906   0.000116765   -0.00062742
461930   0.000474317   -0.00204348
462954   0.000138741   0.000178401
463978   -0.000792635   5.54796e-05
465002   4.67714e-05   2.44265e-05
466026   -5.08678e-06   7.4246e-06
467050   5.25507e-05   -9.81958e-06
468074   -0.000143029   0.000198818
469098   -0.000168256   0.000226978
470122   -0.00120939   0.00187122
471146   -0.000890336   0.00137703
472170   -6.70128e-06   -3.53708e-05
473194   -2.6647e-06   -5.82231e-06
474218   -4.31174e-05   7.93088e-05
475242   -0.000561004   0.00030384
476266   -0.000836523   -0.000336557
477290   0.0105208   0.0118861
478314   0.000353247   0.00478633
479338   -7.12417e-05   6.6608e-05
480362   1.51403e-05   -2.19037e-05
481386   -2.26087e-06   7.67388e-06
482410   -4.91276e-05   -1.36058e-05
483434   -0.000617982   0.000637463
484458   -0.000473879   1.07207e-05
485482   -0.00138047   -0.00125987
486506   0.000177408   0.000306461
487530   -3.16796e-05   5.42255e-05
488554   1.43193e-06   -1.49315e-05
489578   -0.000127606   -0.000117438
490602   -0.000933098   0.000218558
491626   -0.000121494   -5.8858e-05
492650   2.423e-05   4.1544e-05
493674   2.31211e-05   -4.6491e-05
494698   -7.60463e-06   -2.06332e-05
495722   -1.15108e-05   -1.46117e-05
496746   2.40771e-06   3.19421e-06
497770   -0   0
498794   1.38028e-05   6.38232e-06
499818   -1.38614e-06   -3.9976e-05
500842   0   -0
501866   -6.52134e-06   2.3921e-06
502890   6.39422e-05   5.50945e-05
503914   0.000289886   -0.00020619
504938   -2.56968e-05   2.83667e-05
505962   0   0
506986   -1.60551e-05   -2.73589e-06
508010   -6.66815e-05   -3.85173e-05
509034   -0.000132208   0.000148246
510058   -1.69018e-05   0.000656978
511082   0.000251676   -0.000439636
512106   0.00079364   3.85353e-05
513130   0   0
514154   0   0
515178   8.31034e-05   -3.52537e-05
516202   0.000662974   0.000129131
517226   -0.00101327   -0.00102689
518250   0.000166659   -0.00270292
519274   -0.000809893   0.000824475
520298   -0.000231691   2.93996e-05
521322   6.2551e-06   -1.36884e-06
522346   0   0
523370   0   0
524394   0.000854629   0.000240564
525418   -0.001488   -0.00183927
526442   -0.000338976   -0.00192311
527466   -0.000102518   0.000255754
528490   1.44979e-05   -3.68756e-05
529514   2.12883e-06   -1.61468e-05
530538   0   -0
531562   0.000762318   0.000580785
532586   -0.000180566   -0.000297547
533610   1.83554e-05   8.00494e-06
534634   -6.13772e-06   3.25244e-06
535658   -0   0
536682   1.66267e-05   8.33988e-06
537706   3.01189e-06   -1.49057e-05
538730   -0   0
539754   3.56784e-05   -1.31169e-05
540778   0.000142937   -7.46493e-05
541802   8.99528e-06   5.95322e-05
542826   -2.81168e-05   -3.99806e-05
543850   -6.89873e-05   5.32236e-05
544874   -0.000350117   2.63987e-06
545898   -8.2453e-05   2.54856e-06
546922   2.34548e-05   -2.12101e-05
547946   0.000139875   -0.000351801
548970   1.31043e-05   0.000224092
549994   -0.000590835   1.39955e-05
551018   -4.71344e-05   -2.37185e-05
552042   -1.76289e-05   4.78315e-05
553066   0.000863323   0.00133437
554090   0.000189724   -0.00164856
555114   0.000175455   -0.00027406
556138   0.000190998   -4.42825e-05
557162   -3.29048e-05   -2.15239e-05
558186   -0.000127606   0.000117438
559210   3.79925e-05   0.0005907
560234   2.91172e-05   -0.000114062
561258   2.3396e-05   -7.92841e-07
562282   -2.11923e-05   5.86917e-06
563306   6.79659e-06   2.48959e-05
564330   2.63372e-05   -4.61666e-05
565354   5.44227e-05   -2.89468e-05
566378   -1.0385e-05   4.57947e-05
567402   7.42891e-05   -0.000134485
568426   4.32886e-05   8.12976e-06
569450   0.000203642   -3.07109e-06
570474   -3.18842e-05   1.31365e-05
571498   -0.000252375   0.000725318
572522   0.000406256   -0.000330957
573546   0.000236142   6.90576e-05
574570   -0.000123807   -6.11353e-05
575594   -0.000103595   -8.61175e-06
576618   -0.000133581   0.000150244
577642   -2.35508e-06   -1.58573e-05
578666   1.31579e-05   9.58491e-06
579690   -2.97018e-06   -1.84849e-06
580714   -1.00091e-05   1.95393e-06
581738   2.02085e-05   -2.1392e-05
582762   1.08406e-05   -5.87127e-06
583786   -2.21973e-05   -1.03432e-05
584810   -3.82489e-05   5.38744e-06
585834   8.9235e-05   -2.01879e-06
586858   -4.87828e-05   -6.27275e-05
587882   0.000145307   -2.14001e-05
588906   0   0
589930   2.60487e-06   1.37491e-05
590954   1.36536e-05   -7.97367e-06
591978   0   0
593002   0   0
594026   0   -0