106 0. 0.

1130 0. 0.

2154 0. 0.

3178 0.0000283933 -7.7343e-6

4202 -4.55852e-6 0.0000240608

5226 -0.000011095 5.37501e-6

6250 -0.0000354564 -0.0000153246

7274 -0.0000487828 0.0000627275

8298 -0.000089235 -2.01879e-6

9322 0.000135184 0.0000574212

10346 0.0000126842 -5.91042e-6

11370 0. 0.

12394 0.0000158084 3.05512e-7

13418 -0.0000308556 -0.0000353967

14442 -0.0000292775 0.0000182208

15466 0.0000461371 -0.0000263888

16490 -0.000146727 -0.000045566

17514 -0.000436867 -0.000631607

18538 -0.000103595 8.61175e-6

19562 -0.0000552709 0.0000272926

20586 0.0000331584 0.0000289917

21610 -0.000406256 -0.000330957

22634 -0.0000425393 -0.000196488

23658 -3.23463e-6 -1.33269e-6

24682 -0.000203642 -3.07109e-6

25706 0.00016833 0.000179435

26730 -0.0000150537 5.51235e-6

27754 4.32567e-6 -9.23518e-6

28778 0.000121907 0.0000648409

29802 6.46519e-6 0.0000149399

30826 0.0000639947 0.0000520546

31850 -0.0000491276 -0.0000136058

32874 -0.0000537939 -0.000027041

33898 0.0000207318 -0.0000238787

34922 0.000221014 -0.00157386

35946 -0.000127606 -0.000117438

36970 0.0000374942 6.25989e-6

37994 -0.0000329296 0.0000361198

39018 0.000206401 0.000317376

40042 -0.000010051 -0.00165941

41066 0.000358006 -0.000471383

42090 -7.60463e-6 -0.0000206332

43114 -0.000144046 0.0000724855

44138 -0.0000862871 0.0000121055

45162 0.000215914 -0.0000614016

46186 0.000122388 0.00030152

47210 0.0000151788 -0.000116737

48234 0.0000111615 -0.0000232684

49258 0.000350117 2.63987e-6

50282 -0.000520328 -0.000280251

51306 -0.0000846587 -0.000176844

52330 -0.0000128656 0.000019557

53354 0.0000467714 0.0000244265

54378 -0.0000179399 -0.000034988

55402 0. 0.

56426 2.12883e-6 -0.0000161468

57450 0.0000347792 -0.0000833031

58474 0. 0.

59498 -6.13772e-6 3.25244e-6

60522 0.0000262821 0.0000723827

61546 -0.000104052 0.00066737

62570 0.000779279 -0.000425424

63594 0. 0.

64618 3.01189e-6 -0.0000149057

65642 -0.0000815904 0.0000216102

66666 -0.000110935 0.000164771

67690 0.000115336 0.00143803

68714 0.00178188 -0.00155626

69738 0.000951108 -0.000117614

70762 0. 0.

71786 0. 0.

72810 0.0000180439 -0.000035699

73834 -0.000267724 -0.000234247

74858 -0.000532425 -0.000385266

75882 -0.00020058 -0.00270061

76906 -0.000977423 0.00169053

77930 0.00029053 -0.000191652

78954 0.0000177192 -5.65962e-6

79978 0. 0.

81002 0. 0.

82026 -0.0000361841 0.0000124784

83050 -0.000485973 -0.000143007

84074 -0.000222406 -0.00113412

85098 -0.0000669715 0.000267273

86122 -8.90556e-6 -0.0000179357

87146 0.0000138028 6.38232e-6

88170 0. 0.

89194 0.000676907 0.000416108

90218 0.0000822626 0.000218581

91242 0.0000222266 0.0000328021

92266 -6.52134e-6 2.3921e-6

93290 0. 0.

94314 6.14083e-6 1.81389e-6

95338 -0.0000160551 -2.73589e-6

96362 0. 0.

97386 5.41734e-6 -7.18696e-6

98410 -0.0000885926 0.0000173308

99434 -0.0000176289 0.0000478315

100458 9.87411e-6 0.0000144049

101482 0.000030049 -0.000044216

102506 0.000574171 -0.000278159

103530 -0.00088509 -0.0000698289

104554 -0.000127606 0.000117438

105578 0.0000282567 5.52781e-6

106602 -0.000080005 0.0000287785

107626 -0.000206087 -0.000132342

108650 -0.000828154 0.000356654

109674 0.000473879 0.0000107207

110698 -0.000763181 -0.000579651

111722 -0.0000211923 5.86917e-6

112746 4.52175e-6 0.0000153478

113770 2.44574e-6 -0.0000119171

114794 0.0000211857 -0.000637841

115818 0.000273807 -0.0000697058

116842 -0.0113145 0.0111332

117866 -0.00186667 0.0000923151

118890 0.000118708 0.0000642922

119914 3.9213e-6 -0.0000181831

120938 -0.0000393774 -7.02972e-6

121962 -3.35064e-6 0.0000176854

122986 0.00144085 0.0015247

124010 -0.00091456 0.00203166

125034 0.00274916 -0.00393394

126058 -0.000296675 0.000193328

127082 0.0000465551 0.0000120674

128106 -2.26079e-6 -3.29982e-6

129130 0.000142937 -0.0000746493

130154 0.0000359093 0.0000132485

131178 0.000138741 -0.000178401

132202 -0.000655515 -0.00150307

133226 -0.000060427 0.0000765544

134250 0.0000588097 -0.0000220321

135274 0.000047646 0.0000206363

136298 -0.000350117 2.63987e-6

137322 -0.000726262 -0.000322323

138346 -0.0000326313 0.0000152051

139370 9.88622e-6 0.0000247237

140394 -8.27416e-7 -0.0000149772

141418 -0.0000471344 -0.0000237185

142442 3.73477e-7 -6.39222e-6

143466 7.99432e-6 3.01521e-7

144490 0.0000149363 -6.49284e-6

145514 0.0000381337 0.0000731493

146538 -0.0000318842 0.0000131365

147562 0.0000244314 -0.0000329258

148586 -0.0000490368 0.0000212931

149610 -0.000588203 -0.000332006

150634 -0.000844874 -0.00134613

151658 -0.000103595 -8.61175e-6

152682 -1.70449e-6 -0.0000445207

153706 -0.0000369366 -0.0000471984

154730 -0.000390039 0.0001926

155754 0.000901299 -0.0000265029

156778 0.00170968 0.00163525

157802 -0.0000726285 -0.000587448

158826 -2.97018e-6 -1.84849e-6

159850 -2.05776e-6 3.43011e-6

160874 0.0000323107 1.33883e-7

161898 0.000171145 0.000931617

162922 0.00349813 -0.00370909

163946 -0.000226974 -3.42295e-6

164970 0.00158262 0.00099413

165994 -1.77035e-6 0.000348044

167018 0.0000220813 -0.0000133573

168042 -0.0000106123 -0.0000108917

169066 6.09936e-6 -0.0000105261

170090 -0.000294606 0.000183348

171114 0.000235285 0.00543865

172138 -0.00905205 0.00906415

173162 0.00470903 -0.000183114

174186 0.0000723963 0.0000385068

175210 -0.0000171879 -0.0000449174

176234 -0.0000106123 -0.0000108917

177258 -0.0000175275 0.0000337311

178282 0.000334855 -0.000120084

179306 -0.00136641 -0.00159176

180330 -0.0016244 0.000135034

181354 -0.00223291 0.00215968

182378 0.0000667646 -0.0000389164

183402 0.0000137265 9.62209e-6

184426 -0.0000217132 -0.0000311855

185450 0.0000544227 -0.0000289468

186474 0.0000860088 0.000013946

187498 0.000258277 0.000435791

188522 0.000176332 0.00163028

189546 0.0000878369 0.0000361894

190570 -0.0000330101 0.0000526909

191594 0.0000100458 2.86466e-7

192618 0.000203642 -3.07109e-6

193642 0.000525623 0.000270191

194666 -0.000114452 -0.000203582

195690 0.0000192655 -0.0000183804

196714 8.43661e-6 9.89058e-6

197738 -0.000123807 -0.0000611353

198762 0.0000268426 0.0000287311

199786 0.0000149363 -6.49284e-6

200810 -0.0000284746 -0.000037339

201834 -0.0000221973 -0.0000103432

202858 -0.0000167538 -6.26969e-6

203882 0.0000662252 0.0000392966

204906 0.0000315887 -1.46816e-6

205930 0.000140619 -0.000754988

206954 -0.0000487828 -0.0000627275

207978 -0.0000259519 0.0000355316

209002 -0.0000401731 -0.0000444761

210026 -0.0000202084 0.000244085

211050 0.00050283 0.00135218

212074 -0.0000850851 0.00165726

213098 0.00013552 -0.000148497

214122 2.60487e-6 0.0000137491

215146 -0.0000401534 8.28905e-6

216170 -0.0000131879 0.000153581

217194 -0.00171777 0.0008644

218218 -0.00476527 -0.00181288

219242 -0.0109736 -0.0114693

220266 0.0000249289 0.00195259

221290 -0.0000894772 0.0000764973

222314 8.77408e-6 -5.19765e-6

223338 -0.0000181777 -0.0000223287

224362 0.0000233218 -0.0000223628

225386 -0.000265988 -0.0000736649

226410 -0.00525136 0.00403618

227434 0.134515 0.00101424

228458 -0.00405352 -0.00240363

229482 -5.52316e-6 -0.000354064

230506 0.0000188176 6.84816e-6

231530 0.0000465575 0.0000704017

232554 0.000581625 0.000262683

233578 0.00124356 -0.0052998

234602 0.00330012 0.00303717

235626 -0.0101462 0.0010927

236650 0.00057084 0.000298124

237674 -0.0000112822 -0.0000123981

238698 2.82083e-6 0.0000518463

239722 -0.0000488176 0.0000210201

240746 0.0000174354 0.0000456619

241770 0.00032774 0.000569642

242794 -0.00123747 -0.00185277

243818 0.00101449 -0.00293614

244842 0.000056369 0.000152943

245866 0.0000912235 0.0000366917

246890 -6.93087e-6 -9.79607e-6

247914 0.0000108406 -5.87127e-6

248938 -0.0000337702 0.0000282768

249962 6.34086e-6 -0.000224385

250986 0.000369408 0.00109509

252010 0.0000110386 -0.0000969028

253034 0.0000621049 -2.99674e-6

254058 -1.32379e-6 0.0000109201

255082 0.000089235 -2.01879e-6

256106 -0.000243213 -0.0000371425

257130 0.0000809533 0.000178571

258154 0.0000338469 -0.0000206007

259178 -0.0000146593 -3.1786e-6

260202 0. 0.

261226 -0.0000118667 -0.0000111437

262250 -0.0000132819 0.00002626

263274 0. 0.

264298 -1.33392e-6 6.81694e-6

265322 -0.0000165548 -0.0000578873

266346 -0.000055189 0.000143385

267370 0.0000260984 -0.0000284759

268394 0. 0.

269418 0.0000429289 -0.000011921

270442 0.0000420587 -0.0000738922

271466 -0.000198267 -0.000012088

272490 -0.0000530382 0.000374855

273514 -0.000420807 0.000312246

274538 -0.000145731 -0.0000182913

275562 0. 0.

276586 0. 0.

277610 0.000153753 0.0000109998

278634 -0.000646168 -0.000692581

279658 -0.000276804 0.0000566437

280682 -0.000281925 0.00269334

281706 -0.000254303 0.000203034

282730 -3.60851e-6 -0.0000156198

283754 -1.83134e-6 -0.000015705

284778 0.0000160648 0.0000415563

285802 0.000111413 -0.000106528

286826 0. 0.

287850 0.00650521 0.00124491

288874 -0.00891434 -0.00919961

289898 -0.000543886 -0.00476843

290922 0.000184187 -0.000204928

291946 -0.0000179989 0.000014968

292970 1.94505e-8 6.94619e-6

293994 -0.0000778075 0.0000342781

295018 0.000626022 -0.000710843

296042 0.00529136 -0.0039836

297066 0. 0.

298090 0.00848774 0.0056655

299114 6.21182e-6 0.0000770287

300138 0.0000144108 -0.0000611255

301162 1.94505e-8 6.94619e-6

302186 0.0000581563 0.0000155833

303210 -0.000196824 0.0000267625

304234 0.000256046 0.000119456

305258 0.00828309 -0.00977183

306282 0.00989808 -0.00248351

307306 0. 0.

308330 -0.0000492326 -0.0000851126

309354 -3.0733e-6 9.56843e-6

310378 -0.0000232443 0.0000180473

311402 0.000153226 0.0000112624

312426 -0.000294163 -0.000238322

313450 0.000248089 0.00269667

314474 -0.00240467 0.00415346

315498 -0.000076051 0.0000137201

316522 -0.0000961252 -0.0000206867

317546 0. 0.

318570 0. 0.

319594 0.0000357757 -0.0000145637

320618 0.000420807 0.000312246

321642 -0.0000432832 -0.000322521

322666 0.000140742 -0.000236879

323690 -0.0000479968 0.0000405007

324714 -9.82326e-6 -2.12218e-6

325738 0. 0.

326762 -0.000123875 -0.0000789111

327786 -0.0000139035 7.98077e-6

328810 -3.5761e-6 -0.0000231346

329834 -1.33392e-6 6.81694e-6

330858 0. 0.

331882 5.06747e-6 -0.0000149773

332906 -0.0000345158 0.0000404185

333930 -0.000011095 5.37501e-6

334954 -0.0000138624 -0.0000252356

335978 0.000035268 -0.0000766823

337002 -0.0000486977 4.18747e-6

338026 -0.0000178106 0.0000402838

339050 -0.000089235 -2.01879e-6

340074 4.93414e-6 0.000040702

341098 -4.92227e-6 0.0000319339

342122 0.000524854 0.000363069

343146 0.000311188 -0.000578851

344170 0.000213964 0.0000678845

345194 -0.000234613 0.0000740861

346218 0. 0.

347242 0.0000254132 -0.0000359189

348266 -0.000121223 0.0000952154

349290 -0.000095447 0.000258971

350314 0.00223453 0.00496398

351338 -0.00088382 -0.00204522

352362 0.000735675 -0.000891329

353386 -0.000193959 0.0000286507

354410 -0.0000155681 -4.75739e-6

355434 4.33885e-6 -0.0000173544

356458 -0.000059928 7.97006e-7

357482 0.00170454 -0.000890204

358506 -0.00653435 -0.00108155

359530 0.00330012 -0.00303717

360554 0.000979472 0.002948

361578 0.0000282979 -0.000093334

362602 -0.0000353517 -0.0000178957

363626 -0.0000308345 -0.0000705637

364650 -0.000244807 7.46727e-6

365674 -0.0045082 0.00238127

366698 -0.134515 0.00101424

367722 -0.00772537 -0.00666771

368746 0.000157087 -0.000043505

369770 -0.0000474889 0.0000401348

370794 -0.0000138479 -5.76494e-6

371818 0.0000465838 -5.9122e-6

372842 0.0000305797 -8.05498e-6

373866 0.000381004 -0.00139143

374890 0.0101576 -0.0121979

375914 -0.0044818 0.00145667

376938 -0.000575271 -0.000289482

377962 0.0000354693 0.0000917057

378986 0.0000107729 2.22389e-6

380010 -4.55852e-6 0.0000240608

381034 0.000582692 0.00050025

382058 0.000264083 0.00163829

383082 0.00111951 -0.00159998

384106 0.000351179 -0.0000454463

385130 -0.0000167606 2.84957e-7

386154 7.0778e-6 9.69045e-6

387178 -0.0000487828 0.0000627275

388202 0.000060521 0.000191714

389226 -0.0000714606 0.0000935488

390250 -0.0000112818 -0.0000165445

391274 -0.0000511968 8.654e-6

392298 0.0000126842 -5.91042e-6

393322 9.71687e-8 0.0000101976

394346 0.0000132828 -7.40391e-6

395370 -2.55785e-7 0.0000380123

396394 -0.0000552709 0.0000272926

397418 -2.59588e-6 3.04326e-6

398442 -0.000012153 5.51372e-7

399466 0.0000285826 0.000354586

400490 0.0000829322 -0.0000267255

401514 -0.000203642 -3.07109e-6

402538 -0.0000445338 -1.31822e-6

403562 -0.0000254383 0.0000199222

404586 -0.000320836 0.000132187

405610 -0.000601714 0.00200965

406634 -0.000488074 0.000135663

407658 0.000590999 1.37134e-6

408682 0.000121907 0.0000648409

409706 -0.0000234275 0.0000336475

410730 8.37627e-6 -0.0000593451

411754 0.000941078 -0.000107581

412778 -0.0035557 -0.00412205

413802 -0.0016244 -0.000135034

414826 0.00127685 -0.00102886

415850 0.000226388 -0.0000573873

416874 0.0000369774 0.0000133668

417898 8.34883e-6 0.0000139838

418922 -0.0000156233 0.0000511264

419946 0.000384054 -0.000204274

420970 0.00509818 -0.0000530889

421994 0.0084295 0.00964582

423018 0.000413591 -0.0030788

424042 0.0000806558 0.000050196

425066 -0.000025874 -6.28773e-6

426090 8.34883e-6 0.0000139838

427114 0.0000105024 -0.0000818211

428138 0.000254094 -0.000625816

429162 0.000564752 -0.00070292

430186 0.000226974 -3.42295e-6

431210 0.00339833 0.00326494

432234 -0.0000342998 -0.0000692497

433258 -6.7555e-6 -0.0000618091

434282 6.68771e-6 0.0000111478

435306 -0.0000292775 0.0000182208

436330 -0.0000758182 0.00158749

437354 -0.0014033 0.00190468

438378 0.00178342 -0.000558916

439402 -0.0000735246 -0.0000363062

440426 2.59052e-6 0.0000165617

441450 9.66975e-7 -0.0000100032

442474 -0.000103595 8.61175e-6

443498 -0.000276064 0.000523601

444522 -0.000345415 0.0000427334

445546 -0.0000453283 -0.0000160732

446570 0.0000226438 0.0000305166

447594 -3.23463e-6 -1.33269e-6

448618 -0.0000257538 -1.65535e-6

449642 0.0000132828 -7.40391e-6

450666 -0.0000159886 6.03043e-7

451690 -0.0000380822 0.0000122372

452714 -0.000144046 0.0000724855

453738 0.0000271057 9.70996e-6

454762 -0.0000112833 4.54829e-6

455786 -0.0000163157 -7.60257e-6

456810 0.0000379316 -5.11829e-6

457834 0.000350117 2.63987e-6

458858 0.0000149058 -9.10044e-6

459882 0.0000438512 -0.0000728428

460906 0.000116765 -0.00062742

461930 0.000474317 -0.00204348

462954 0.000138741 0.000178401

463978 -0.000792635 0.0000554796

465002 0.0000467714 0.0000244265

466026 -5.08678e-6 7.4246e-6

467050 0.0000525507 -9.81958e-6

468074 -0.000143029 0.000198818

469098 -0.000168256 0.000226978

470122 -0.00120939 0.00187122

471146 -0.000890336 0.00137703

472170 -6.70128e-6 -0.0000353708

473194 -2.6647e-6 -5.82231e-6

474218 -0.0000431174 0.0000793088

475242 -0.000561004 0.00030384

476266 -0.000836523 -0.000336557

477290 0.0105208 0.0118861

478314 0.000353247 0.00478633

479338 -0.0000712417 0.000066608

480362 0.0000151403 -0.0000219037

481386 -2.26087e-6 7.67388e-6

482410 -0.0000491276 -0.0000136058

483434 -0.000617982 0.000637463

484458 -0.000473879 0.0000107207

485482 -0.00138047 -0.00125987

486506 0.000177408 0.000306461

487530 -0.0000316796 0.0000542255

488554 1.43193e-6 -0.0000149315

489578 -0.000127606 -0.000117438

490602 -0.000933098 0.000218558

491626 -0.000121494 -0.000058858

492650 0.00002423 0.000041544

493674 0.0000231211 -0.000046491

494698 -7.60463e-6 -0.0000206332

495722 -0.0000115108 -0.0000146117

496746 2.40771e-6 3.19421e-6

497770 0. 0.

498794 0.0000138028 6.38232e-6

499818 -1.38614e-6 -0.000039976

500842 0. 0.

501866 -6.52134e-6 2.3921e-6

502890 0.0000639422 0.0000550945

503914 0.000289886 -0.00020619

504938 -0.0000256968 0.0000283667

505962 0. 0.

506986 -0.0000160551 -2.73589e-6

508010 -0.0000666815 -0.0000385173

509034 -0.000132208 0.000148246

510058 -0.0000169018 0.000656978

511082 0.000251676 -0.000439636

512106 0.00079364 0.0000385353

513130 0. 0.

514154 0. 0.

515178 0.0000831034 -0.0000352537

516202 0.000662974 0.000129131

517226 -0.00101327 -0.00102689

518250 0.000166659 -0.00270292

519274 -0.000809893 0.000824475

520298 -0.000231691 0.0000293996

521322 6.2551e-6 -1.36884e-6

522346 0. 0.

523370 0. 0.

524394 0.000854629 0.000240564

525418 -0.001488 -0.00183927

526442 -0.000338976 -0.00192311

527466 -0.000102518 0.000255754

528490 0.0000144979 -0.0000368756

529514 2.12883e-6 -0.0000161468

530538 0. 0.

531562 0.000762318 0.000580785

532586 -0.000180566 -0.000297547

533610 0.0000183554 8.00494e-6

534634 -6.13772e-6 3.25244e-6

535658 0. 0.

536682 0.0000166267 8.33988e-6

537706 3.01189e-6 -0.0000149057

538730 0. 0.

539754 0.0000356784 -0.0000131169

540778 0.000142937 -0.0000746493

541802 8.99528e-6 0.0000595322

542826 -0.0000281168 -0.0000399806

543850 -0.0000689873 0.0000532236

544874 -0.000350117 2.63987e-6

545898 -0.000082453 2.54856e-6

546922 0.0000234548 -0.0000212101

547946 0.000139875 -0.000351801

548970 0.0000131043 0.000224092

549994 -0.000590835 0.0000139955

551018 -0.0000471344 -0.0000237185

552042 -0.0000176289 0.0000478315

553066 0.000863323 0.00133437

554090 0.000189724 -0.00164856

555114 0.000175455 -0.00027406

556138 0.000190998 -0.0000442825

557162 -0.0000329048 -0.0000215239

558186 -0.000127606 0.000117438

559210 0.0000379925 0.0005907

560234 0.0000291172 -0.000114062

561258 0.000023396 -7.92841e-7

562282 -0.0000211923 5.86917e-6

563306 6.79659e-6 0.0000248959

564330 0.0000263372 -0.0000461666

565354 0.0000544227 -0.0000289468

566378 -0.000010385 0.0000457947

567402 0.0000742891 -0.000134485

568426 0.0000432886 8.12976e-6

569450 0.000203642 -3.07109e-6

570474 -0.0000318842 0.0000131365

571498 -0.000252375 0.000725318

572522 0.000406256 -0.000330957

573546 0.000236142 0.0000690576

574570 -0.000123807 -0.0000611353

575594 -0.000103595 -8.61175e-6

576618 -0.000133581 0.000150244

577642 -2.35508e-6 -0.0000158573

578666 0.0000131579 9.58491e-6

579690 -2.97018e-6 -1.84849e-6

580714 -0.0000100091 1.95393e-6

581738 0.0000202085 -0.000021392

582762 0.0000108406 -5.87127e-6

583786 -0.0000221973 -0.0000103432

584810 -0.0000382489 5.38744e-6

585834 0.000089235 -2.01879e-6

586858 -0.0000487828 -0.0000627275

587882 0.000145307 -0.0000214001

588906 0. 0.

589930 2.60487e-6 0.0000137491

590954 0.0000136536 -7.97367e-6

591978 0. 0.

593002 0. 0.

594026 0. 0.