20650   0.0005   0
36010   -0.0005   0
39082   -0.0005   0
44202   -0.0015   0
45226   -0.002   0
67754   -0.0005   0.0005
68778   -0.001   -0.0005
74922   0.003   0
75946   0.0015   -0.0005
82090   0.0015   0
104618   0.0005   0
108714   -0.0015   -0.0005
115882   -0.0055   -0.0005
116906   -0.0015   0.0015
117930   0.0015   0
123050   -0.0005   0
124074   -0.016   0.001
125098   -0.006   -0.0005
130218   0.0015   0
131242   -0.0025   0
155818   0.0015   -0.0005
156842   0.001   -0.0005
162986   0.008   0.0005
164010   0.   -0.005
165034   -0.0015   0
170154   -0.0005   0
171178   0.0075   0
172202   0.0095   -0.0045
173226   0.001   0.0005
179370   -0.0005   0
180394   -0.002   0
181418   -0.0025   0.0005
186538   -0.0015   0
211114   0.0005   0.0005
218282   -0.008   0.0005
219306   0.0015   0.0015
225450   0.0015   0
226474   -0.0425   0.001
227498   0.   0.0155
228522   -0.001   0.0005
233642   0.0075   0
234666   -0.1995   0
235690   0.008   -0.001
241834   0.003   0
242858   -0.016   -0.001
243882   -0.0025   -0.0005
249002   0.0005   0
250026   -0.002   0
272554   0.0005   0
279722   0.0055   -0.0005
280746   -0.0015   -0.0005
287914   0.0425   0.001
288938   -0.0095   -0.0045
289962   0.006   -0.0005
296106   -0.0425   -0.001
298154   -0.008   -0.001
304298   -0.0055   0.0005
305322   0.0095   0.0045
306346   0.008   0.001
312490   -0.0005   0
313514   0.0015   0.0005
314538   -0.006   0.0005
338090   -0.0005   0
343210   -0.003   0
344234   0.002   0
349354   -0.0015   0
350378   -0.0075   0
351402   0.016   0.001
358570   0.0425   -0.001
359594   0.1995   0
360618   0.0025   0.0005
365738   0.008   -0.0005
366762   0.   -0.0155
367786   -0.008   0.001
373930   -0.0005   -0.0005
374954   -0.0015   -0.0015
375978   0.001   -0.0005
400554   0.0015   0
404650   0.0005   0
405674   0.0005   0
412842   -0.0075   0
413866   0.002   0
421034   -0.008   -0.0005
422058   -0.0095   0.0045
423082   0.0025   -0.0005
429226   -0.0015   0.0005
430250   0.   0.005
431274   -0.001   -0.0005
437418   -0.001   0.0005
438442   0.0015   0
456874   -0.0015   0
461994   0.0005   0
463018   0.0025   0
469162   0.0055   0.0005
470186   0.016   -0.001
476330   0.0015   0.0005
477354   0.0015   -0.0015
478378   0.006   0.0005
485546   -0.0015   0
489642   -0.0005   0
505002   -0.0015   0
510122   -0.003   0
517290   0.0005   -0.0005
518314   -0.0015   0.0005
525482   0.001   0.0005
543914   0.0015   0
548010   0.0005   0
549034   0.002   0
558250   0.0005   0
568490   -0.0005   0