0      -3.32139
0      -0.666728
0      5.17177
0      5.17177
0      7.99267
0      9.72381
0      9.72381
0      14.1464
0.00666667      -3.32405
0.00666667      -0.663086
0.00666667      5.17225
0.00666667      5.17249
0.00666667      7.99324
0.00666667      9.72469
0.00666667      9.72493
0.00666667      14.1474
0.0133333      -3.33197
0.0133333      -0.65221
0.0133333      5.17366
0.0133333      5.17462
0.0133333      7.99493
0.0133333      9.72731
0.0133333      9.72826
0.0133333      14.1505
0.02      -3.34502
0.02      -0.634249
0.02      5.176
0.02      5.17815
0.02      7.99775
0.02      9.73166
0.02      9.73378
0.02      14.1556
0.0266667      -3.36295
0.0266667      -0.609439
0.0266667      5.17926
0.0266667      5.18304
0.0266667      8.00167
0.0266667      9.73769
0.0266667      9.74142
0.0266667      14.1625
0.0333333      -3.38546
0.0333333      -0.578089
0.0333333      5.18343
0.0333333      5.18925
0.0333333      8.00666
0.0333333      9.74535
0.0333333      9.75111
0.0333333      14.1713
0.04      -3.4122
0.04      -0.540562
0.04      5.18848
0.04      5.19673
0.04      8.01271
0.04      9.75457
0.04      9.76275
0.04      14.1817
0.0466667      -3.44276
0.0466667      -0.497257
0.0466667      5.19438
0.0466667      5.2054
0.0466667      8.01978
0.0466667      9.76527
0.0466667      9.77622
0.0466667      14.1935
0.0533333      -3.47674
0.0533333      -0.448591
0.0533333      5.20111
0.0533333      5.21518
0.0533333      8.02781
0.0533333      9.77735
0.0533333      9.79137
0.0533333      14.2066
0.06      -3.51373
0.06      -0.394983
0.06      5.20863
0.06      5.22599
0.06      8.03678
0.06      9.7907
0.06      9.80805
0.06      14.2207
0.0666667      -3.55332
0.0666667      -0.336842
0.0666667      5.2169
0.0666667      5.23773
0.0666667      8.04663
0.0666667      9.8052
0.0666667      9.82608
0.0666667      14.2356
0.0733333      -3.59512
0.0733333      -0.274561
0.0733333      5.22588
0.0733333      5.2503
0.0733333      8.05732
0.0733333      9.82072
0.0733333      9.84529
0.0733333      14.251
0.08      -3.63878
0.08      -0.208506
0.08      5.23552
0.08      5.2636
0.08      8.06877
0.08      9.83712
0.08      9.86545
0.08      14.2665
0.0866667      -3.68396
0.0866667      -0.139016
0.0866667      5.24577
0.0866667      5.2775
0.0866667      8.08094
0.0866667      9.85424
0.0866667      9.88637
0.0866667      14.2819
0.0933333      -3.73037
0.0933333      -0.0664016
0.0933333      5.2566
0.0933333      5.29191
0.0933333      8.09378
0.0933333      9.87194
0.0933333      9.90782
0.0933333      14.2968
0.1      -3.77771
0.1      0.0090592
0.1      5.26794
0.1      5.30671
0.1      8.10721
0.1      9.89005
0.1      9.92957
0.1      14.311
0.106667      -3.82576
0.106667      0.087116
0.106667      5.27974
0.106667      5.32179
0.106667      8.12118
0.106667      9.90839
0.106667      9.9514
0.106667      14.324
0.113333      -3.87429
0.113333      0.167547
0.113333      5.29196
0.113333      5.33704
0.113333      8.13564
0.113333      9.9268
0.113333      9.97307
0.113333      14.3356
0.12      -3.92311
0.12      0.250155
0.12      5.30453
0.12      5.35235
0.12      8.15051
0.12      9.94512
0.12      9.99434
0.12      14.3454
0.126667      -3.97205
0.126667      0.334768
0.126667      5.31742
0.126667      5.36763
0.126667      8.16575
0.126667      9.96315
0.126667      10.015
0.126667      14.353
0.133333      -4.02096
0.133333      0.421235
0.133333      5.33057
0.133333      5.38279
0.133333      8.1813
0.133333      9.98073
0.133333      10.0348
0.133333      14.3583
0.14      -4.06971
0.14      0.509427
0.14      5.34393
0.14      5.39775
0.14      8.19711
0.14      9.9977
0.14      10.0536
0.14      14.3607
0.146667      -4.1182
0.146667      0.599229
0.146667      5.35747
0.146667      5.41242
0.146667      8.21313
0.146667      10.0139
0.146667      10.0711
0.146667      14.3601
0.153333      -4.16632
0.153333      0.690544
0.153333      5.37115
0.153333      5.42676
0.153333      8.22931
0.153333      10.0291
0.153333      10.0871
0.153333      14.3562
0.16      -4.214
0.16      0.783289
0.16      5.38493
0.16      5.44071
0.16      8.24562
0.16      10.0432
0.16      10.1015
0.16      14.3487
0.166667      -4.26116
0.166667      0.877392
0.166667      5.39879
0.166667      5.45422
0.166667      8.26201
0.166667      10.0561
0.166667      10.1141
0.166667      14.3373
0.173333      -4.30774
0.173333      0.972794
0.173333      5.41271
0.173333      5.46728
0.173333      8.27846
0.173333      10.0676
0.173333      10.1248
0.173333      14.3219
0.18      -4.35371
0.18      1.06944
0.18      5.42666
0.18      5.47986
0.18      8.29493
0.18      10.0776
0.18      10.1334
0.18      14.3021
0.186667      -4.39902
0.186667      1.16729
0.186667      5.44063
0.186667      5.49197
0.186667      8.31141
0.186667      10.0859
0.186667      10.1398
0.186667      14.278
0.193333      -4.44363
0.193333      1.26631
0.193333      5.45464
0.193333      5.50362
0.193333      8.32788
0.193333      10.0925
0.193333      10.1439
0.193333      14.2492
0.2      -4.48753
0.2      1.36647
0.2      5.46867
0.2      5.51482
0.2      8.34433
0.2      10.0973
0.2      10.1456
0.2      14.2158
0.206667      -4.5307
0.206667      1.46773
0.206667      5.48273
0.206667      5.52562
0.206667      8.36075
0.206667      10.1001
0.206667      10.145
0.206667      14.1775
0.213333      -4.57312
0.213333      1.57008
0.213333      5.49685
0.213333      5.53606
0.213333      8.37714
0.213333      10.101
0.213333      10.1419
0.213333      14.1343
0.22      -4.61478
0.22      1.67349
0.22      5.51104
0.22      5.54619
0.22      8.3935
0.22      10.0998
0.22      10.1363
0.22      14.0863
0.226667      -4.65569
0.226667      1.77795
0.226667      5.52533
0.226667      5.55609
0.226667      8.40985
0.226667      10.0965
0.226667      10.1284
0.226667      14.0333
0.233333      -4.69584
0.233333      1.88344
0.233333      5.53974
0.233333      5.56582
0.233333      8.4262
0.233333      10.091
0.233333      10.118
0.233333      13.9754
0.24      -4.73522
0.24      1.98994
0.24      5.55432
0.24      5.57548
0.24      8.44256
0.24      10.0835
0.24      10.1052
0.24      13.9127
0.246667      -4.77386
0.246667      2.09743
0.246667      5.5691
0.246667      5.58514
0.246667      8.45895
0.246667      10.0738
0.246667      10.0902
0.246667      13.8452
0.253333      -4.81175
0.253333      2.2059
0.253333      5.58413
0.253333      5.59491
0.253333      8.4754
0.253333      10.062
0.253333      10.0729
0.253333      13.7729
0.26      -4.8489
0.26      2.31532
0.26      5.59943
0.26      5.60487
0.26      8.49194
0.26      10.048
0.26      10.0535
0.26      13.6961
0.266667      -4.88532
0.266667      2.42568
0.266667      5.61507
0.266667      5.61513
0.266667      8.50858
0.266667      10.032
0.266667      10.0321
0.266667      13.6149
0.273333      -4.92102
0.273333      2.53695
0.273333      5.62578
0.273333      5.63108
0.273333      8.52536
0.273333      10.0088
0.273333      10.014
0.273333      13.5294
0.28      -4.95601
0.28      2.64911
0.28      5.63692
0.28      5.6475
0.28      8.54231
0.28      9.98369
0.28      9.99407
0.28      13.4398
0.286667      -4.9903
0.286667      2.76213
0.286667      5.64865
0.286667      5.66437
0.286667      8.55944
0.286667      9.95697
0.286667      9.97222
0.286667      13.3463
0.293333      -5.02389
0.293333      2.87597
0.293333      5.66106
0.293333      5.68173
0.293333      8.57679
0.293333      9.92875
0.293333      9.94857
0.293333      13.2491
0.3      -5.05679
0.3      2.99061
0.3      5.67423
0.3      5.69962
0.3      8.59438
0.3      9.89917
0.3      9.9232
0.3      13.1485
0.306667      -5.08901
0.306667      3.10599
0.306667      5.68823
0.306667      5.71805
0.306667      8.61222
0.306667      9.8684
0.306667      9.89622
0.306667      13.0446
0.313333      -5.12055
0.313333      3.22208
0.313333      5.70314
0.313333      5.73706
0.313333      8.63032
0.313333      9.83657
0.313333      9.86772
0.313333      12.9378
0.32      -5.15142
0.32      3.33883
0.32      5.71902
0.32      5.75665
0.32      8.64869
0.32      9.80383
0.32      9.83782
0.32      12.8283
0.326667      -5.18161
0.326667      3.45619
0.326667      5.73591
0.326667      5.77685
0.326667      8.66733
0.326667      9.77033
0.326667      9.80664
0.326667      12.7164
0.333333      -5.21112
0.333333      3.57408
0.333333      5.75384
0.333333      5.79766
0.333333      8.68623
0.333333      9.73621
0.333333      9.7743
0.333333      12.6024
0.34      -5.23995
0.34      3.69246
0.34      5.77285
0.34      5.81906
0.34      8.70537
0.34      9.70161
0.34      9.74093
0.34      12.4864
0.346667      -5.2681
0.346667      3.81123
0.346667      5.79293
0.346667      5.84106
0.346667      8.72473
0.346667      9.66665
0.346667      9.70665
0.346667      12.3689
0.353333      -5.29555
0.353333      3.93032
0.353333      5.81409
0.353333      5.86364
0.353333      8.74425
0.353333      9.63147
0.353333      9.6716
0.353333      12.2502
0.36      -5.32229
0.36      4.04964
0.36      5.83631
0.36      5.88676
0.36      8.7639
0.36      9.59619
0.36      9.63591
0.36      12.1305
0.366667      -5.34831
0.366667      4.16908
0.366667      5.85954
0.366667      5.91039
0.366667      8.7836
0.366667      9.56091
0.366667      9.59973
0.366667      12.0101
0.373333      -5.37359
0.373333      4.28852
0.373333      5.88373
0.373333      5.9345
0.373333      8.80327
0.373333      9.52574
0.373333      9.56319
0.373333      11.8893
0.38      -5.39812
0.38      4.40785
0.38      5.90882
0.38      5.95902
0.38      8.82283
0.38      9.4908
0.38      9.52643
0.38      11.7686
0.386667      -5.42187
0.386667      4.52692
0.386667      5.93472
0.386667      5.98389
0.386667      8.84216
0.386667      9.45616
0.386667      9.48959
0.386667      11.6481
0.393333      -5.44483
0.393333      4.64556
0.393333      5.96134
0.393333      6.00906
0.393333      8.86113
0.393333      9.42194
0.393333      9.45283
0.393333      11.5283
0.4      -5.46697
0.4      4.76361
0.4      5.98856
0.4      6.03443
0.4      8.87961
0.4      9.38821
0.4      9.41627
0.4      11.4094
0.406667      -5.48826
0.406667      4.88085
0.406667      6.01624
0.406667      6.05992
0.406667      8.89743
0.406667      9.35506
0.406667      9.38008
0.406667      11.292
0.413333      -5.50868
0.413333      4.99706
0.413333      6.04424
0.413333      6.08543
0.413333      8.91441
0.413333      9.3226
0.413333      9.34438
0.413333      11.1763
0.42      -5.52821
0.42      5.11199
0.42      6.07241
0.42      6.11084
0.42      8.93037
0.42      9.2909
0.42      9.30935
0.42      11.0627
0.426667      -5.54681
0.426667      5.22535
0.426667      6.10056
0.426667      6.13605
0.426667      8.9451
0.426667      9.26006
0.426667      9.27511
0.426667      10.9519
0.433333      -5.56446
0.433333      5.33682
0.433333      6.12853
0.433333      6.16093
0.433333      8.95837
0.433333      9.23017
0.433333      9.24183
0.433333      10.8441
0.44      -5.58112
0.44      5.44602
0.44      6.15611
0.44      6.18532
0.44      8.96994
0.44      9.20133
0.44      9.20966
0.44      10.7399
0.446667      -5.59678
0.446667      5.55253
0.446667      6.1831
0.446667      6.20909
0.446667      8.9796
0.446667      9.17364
0.446667      9.17875
0.446667      10.64
0.453333      -5.61141
0.453333      5.65588
0.453333      6.20929
0.453333      6.23207
0.453333      8.98711
0.453333      9.1472
0.453333      9.14927
0.453333      10.5449
0.46      -5.62498
0.46      5.75553
0.46      6.23447
0.46      6.25411
0.46      8.99231
0.46      9.12137
0.46      9.1221
0.46      10.4552
0.466667      -5.63746
0.466667      5.85087
0.466667      6.25841
0.466667      6.27503
0.466667      8.99509
0.466667      9.0952
0.466667      9.09842
0.466667      10.3716
0.473333      -5.64883
0.473333      5.9412
0.473333      6.28091
0.473333      6.29466
0.473333      8.99543
0.473333      9.07093
0.473333      9.07624
0.473333      10.2947
0.48      -5.65908
0.48      6.02576
0.48      6.30174
0.48      6.31282
0.48      8.99349
0.48      9.04871
0.48      9.05558
0.48      10.2251
0.486667      -5.66817
0.486667      6.10371
0.486667      6.3207
0.486667      6.32935
0.486667      8.98962
0.486667      9.02868
0.486667      9.03648
0.486667      10.1634
0.493333      -5.67609
0.493333      6.17412
0.493333      6.33759
0.493333      6.34407
0.493333      8.98436
0.493333      9.01098
0.493333      9.01896
0.493333      10.1098
0.5      -5.68282
0.5      6.23604
0.5      6.35223
0.5      6.35684
0.5      8.97837
0.5      8.99576
0.5      9.0031
0.5      10.0646
0.506667      -5.68836
0.506667      6.28849
0.506667      6.36446
0.506667      6.3675
0.506667      8.97238
0.506667      8.98311
0.506667      8.98914
0.506667      10.0279
0.513333      -5.69268
0.513333      6.33052
0.513333      6.37414
0.513333      6.37595
0.513333      8.96705
0.513333      8.97316
0.513333      8.97744
0.513333      9.99959
0.52      -5.69578
0.52      6.36131
0.52      6.38115
0.52      6.38207
0.52      8.96293
0.52      8.96597
0.52      8.96848
0.52      9.97951
0.526667      -5.69766
0.526667      6.38019
0.526667      6.38542
0.526667      6.38578
0.526667      8.96044
0.526667      8.9616
0.526667      8.96267
0.526667      9.96748
0.533333      -5.6983
0.533333      6.38686
0.533333      6.38688
0.533333      6.3869
0.533333      8.96008
0.533333      8.9601
0.533333      8.96012
0.533333      9.96338
0.533333      -5.6983
0.533333      6.38687
0.533333      6.38688
0.533333      6.3869
0.533333      8.96009
0.533333      8.9601
0.533333      8.96012
0.533333      9.96338
0.54      -5.69752
0.54      6.38269
0.54      6.38467
0.54      6.38472
0.54      8.95875
0.54      8.96281
0.54      8.96337
0.54      9.96644
0.546667      -5.69511
0.546667      6.37102
0.546667      6.37687
0.546667      6.37789
0.546667      8.95503
0.546667      8.97115
0.546667      8.97292
0.546667      9.97584
0.553333      -5.69108
0.553333      6.35181
0.553333      6.36376
0.553333      6.3666
0.553333      8.94878
0.553333      8.98504
0.553333      8.98875
0.553333      9.9914
0.56      -5.68544
0.56      6.32528
0.56      6.34569
0.56      6.35093
0.56      8.93997
0.56      9.00436
0.56      9.0106
0.56      10.0129
0.566667      -5.67822
0.566667      6.29183
0.566667      6.32298
0.566667      6.33106
0.566667      8.92856
0.566667      9.02893
0.566667      9.03815
0.566667      10.0398
0.573333      -5.66943
0.573333      6.2519
0.573333      6.29601
0.573333      6.30719
0.573333      8.91453
0.573333      9.05856
0.573333      9.071
0.573333      10.0719
0.58      -5.65909
0.58      6.20599
0.58      6.26522
0.58      6.27956
0.58      8.89789
0.58      9.09301
0.58      9.10873
0.58      10.1085
0.586667      -5.64725
0.586667      6.15463
0.586667      6.23102
0.586667      6.2484
0.586667      8.87866
0.586667      9.13206
0.586667      9.15091
0.586667      10.149
0.593333      -5.63394
0.593333      6.09834
0.593333      6.19385
0.593333      6.21398
0.593333      8.85689
0.593333      9.17543
0.593333      9.1971
0.593333      10.193
0.6      -5.61919
0.6      6.03763
0.6      6.15414
0.6      6.17658
0.6      8.83264
0.6      9.22287
0.6      9.24687
0.6      10.2396
0.606667      -5.60306
0.606667      5.97301
0.606667      6.11228
0.606667      6.13644
0.606667      8.80601
0.606667      9.27412
0.606667      9.29982
0.606667      10.2884
0.613333      -5.5856
0.613333      5.90494
0.613333      6.06864
0.613333      6.09385
0.613333      8.77712
0.613333      9.32894
0.613333      9.35558
0.613333      10.3386
0.62      -5.56685
0.62      5.83383
0.62      6.02356
0.62      6.04904
0.62      8.74608
0.62      9.38706
0.62      9.41381
0.62      10.3898
0.626667      -5.54688
0.626667      5.76007
0.626667      5.97735
0.626667      6.00227
0.626667      8.71305
0.626667      9.44826
0.626667      9.47423
0.626667      10.4412
0.633333      -5.52575
0.633333      5.68401
0.633333      5.93025
0.633333      5.95377
0.633333      8.67818
0.633333      9.51231
0.633333      9.53655
0.633333      10.4924
0.64      -5.50352
0.64      5.60596
0.64      5.88251
0.64      5.90378
0.64      8.64163
0.64      9.57901
0.64      9.60055
0.64      10.5429
0.646667      -5.48025
0.646667      5.52618
0.646667      5.83431
0.646667      5.8525
0.646667      8.60357
0.646667      9.64813
0.646667      9.66605
0.646667      10.5921
0.653333      -5.45602
0.653333      5.4449
0.653333      5.78581
0.653333      5.80015
0.653333      8.56419
0.653333      9.7195
0.653333      9.73286
0.653333      10.6397
0.66      -5.43089
0.66      5.36233
0.66      5.73715
0.66      5.74692
0.66      8.52365
0.66      9.79294
0.66      9.80087
0.66      10.6853
0.666667      -5.40493
0.666667      5.27864
0.666667      5.68843
0.666667      5.69301
0.666667      8.48215
0.666667      9.86826
0.666667      9.86994
0.666667      10.7284
0.673333      -5.37822
0.673333      5.19396
0.673333      5.63858
0.673333      5.63973
0.673333      8.43987
0.673333      9.94
0.673333      9.94533
0.673333      10.7687
0.68      -5.35082
0.68      5.10841
0.68      5.58382
0.68      5.59112
0.68      8.39699
0.68      10.011
0.68      10.024
0.68      10.806
0.686667      -5.32281
0.686667      5.0221
0.686667      5.52889
0.686667      5.54263
0.686667      8.35369
0.686667      10.0828
0.686667      10.1041
0.686667      10.8401
0.693333      -5.29426
0.693333      4.93508
0.693333      5.47395
0.693333      5.49429
0.693333      8.31014
0.693333      10.1553
0.693333      10.1855
0.693333      10.8706
0.7      -5.26522
0.7      4.84744
0.7      5.41914
0.7      5.44612
0.7      8.26652
0.7      10.2286
0.7      10.2681
0.7      10.8976
0.706667      -5.23577
0.706667      4.75919
0.706667      5.3646
0.706667      5.39812
0.706667      8.22299
0.706667      10.3025
0.706667      10.3518
0.706667      10.9208
0.713333      -5.20597
0.713333      4.67039
0.713333      5.31047
0.713333      5.3503
0.713333      8.1797
0.713333      10.3768
0.713333      10.4365
0.713333      10.9404
0.72      -5.17586
0.72      4.58105
0.72      5.25686
0.72      5.30263
0.72      8.13679
0.72      10.4512
0.72      10.5221
0.72      10.9565
0.726667      -5.1455
0.726667      4.49119
0.726667      5.20391
0.726667      5.25512
0.726667      8.0944
0.726667      10.5253
0.726667      10.6086
0.726667      10.9695
0.733333      -5.11494
0.733333      4.40081
0.733333      5.15172
0.733333      5.20775
0.733333      8.05264
0.733333      10.5981
0.733333      10.6958
0.733333      10.9804
0.74      -5.0842
0.74      4.30992
0.74      5.10037
0.74      5.16051
0.74      8.01162
0.74      10.6677
0.74      10.7837
0.74      10.9912
0.746667      -5.05334
0.746667      4.21853
0.746667      5.04998
0.746667      5.1134
0.746667      7.97143
0.746667      10.7302
0.746667      10.8723
0.746667      11.0056
0.753333      -5.02237
0.753333      4.12664
0.753333      5.00061
0.753333      5.0664
0.753333      7.93213
0.753333      10.779
0.753333      10.9615
0.753333      11.0303
0.76      -4.9913
0.76      4.03426
0.76      4.95234
0.76      5.01953
0.76      7.89378
0.76      10.8072
0.76      11.0513
0.76      11.0724
0.766667      -4.96015
0.766667      3.94138
0.766667      4.90522
0.766667      4.97278
0.766667      7.85644
0.766667      10.8142
0.766667      11.1326
0.766667      11.1417
0.773333      -4.92893
0.773333      3.84804
0.773333      4.85931
0.773333      4.92616
0.773333      7.82012
0.773333      10.8049
0.773333      11.2058
0.773333      11.2328
0.78      -4.89762
0.78      3.75424
0.78      4.81466
0.78      4.87969
0.78      7.78483
0.78      10.7845
0.78      11.2874
0.78      11.3244
0.786667      -4.86621
0.786667      3.66
0.786667      4.77128
0.786667      4.83339
0.786667      7.75059
0.786667      10.7558
0.786667      11.3745
0.786667      11.4167
0.793333      -4.83467
0.793333      3.56535
0.793333      4.7292
0.793333      4.78727
0.793333      7.71736
0.793333      10.7204
0.793333      11.4656
0.793333      11.5097
0.8      -4.80298
0.8      3.47033
0.8      4.68843
0.8      4.74138
0.8      7.68514
0.8      10.6791
0.8      11.5601
0.8      11.6034
0.806667      -4.7711
0.806667      3.37496
0.806667      4.64896
0.806667      4.69574
0.806667      7.65388
0.806667      10.6327
0.806667      11.6575
0.806667      11.6978
0.813333      -4.73898
0.813333      3.2793
0.813333      4.61078
0.813333      4.65039
0.813333      7.62356
0.813333      10.5815
0.813333      11.7575
0.813333      11.7931
0.82      -4.70656
0.82      3.18338
0.82      4.57387
0.82      4.60537
0.82      7.59411
0.82      10.5259
0.82      11.86
0.82      11.8893
0.826667      -4.67379
0.826667      3.08725
0.826667      4.53819
0.826667      4.56073
0.826667      7.56549
0.826667      10.4661
0.826667      11.965
0.826667      11.9865
0.833333      -4.64059
0.833333      2.99097
0.833333      4.50371
0.833333      4.5165
0.833333      7.53765
0.833333      10.4024
0.833333      12.0722
0.833333      12.0847
0.84      -4.6069
0.84      2.89459
0.84      4.47038
0.84      4.47275
0.84      7.51054
0.84      10.3351
0.84      12.1817
0.84      12.1841
0.846667      -4.57264
0.846667      2.79815
0.846667      4.42952
0.846667      4.43812
0.846667      7.48409
0.846667      10.2644
0.846667      12.2847
0.846667      12.2934
0.853333      -4.53772
0.853333      2.70172
0.853333      4.38686
0.853333      4.40689
0.853333      7.45825
0.853333      10.1905
0.853333      12.3866
0.853333      12.4072
0.86      -4.50205
0.86      2.60533
0.86      4.34482
0.86      4.37661
0.86      7.43299
0.86      10.1138
0.86      12.4899
0.86      12.523
0.866667      -4.46555
0.866667      2.50905
0.866667      4.30345
0.866667      4.3472
0.866667      7.40824
0.866667      10.0345
0.866667      12.5946
0.866667      12.6407
0.873333      -4.42813
0.873333      2.4129
0.873333      4.26281
0.873333      4.31858
0.873333      7.38397
0.873333      9.95271
0.873333      12.7008
0.873333      12.7602
0.88      -4.38969
0.88      2.31693
0.88      4.22295
0.88      4.29067
0.88      7.36014
0.88      9.86884
0.88      12.8086
0.88      12.8814
0.886667      -4.35013
0.886667      2.22118
0.886667      4.18392
0.886667      4.26339
0.886667      7.33672
0.886667      9.7831
0.886667      12.918
0.886667      13.0042
0.893333      -4.30938
0.893333      2.12567
0.893333      4.14577
0.893333      4.23665
0.893333      7.3137
0.893333      9.69574
0.893333      13.029
0.893333      13.1284
0.9      -4.26733
0.9      2.03043
0.9      4.10854
0.9      4.21037
0.9      7.29104
0.9      9.60703
0.9      13.1417
0.9      13.2539
0.906667      -4.22391
0.906667      1.93548
0.906667      4.07228
0.906667      4.18448
0.906667      7.26874
0.906667      9.51721
0.906667      13.2561
0.906667      13.3805
0.913333      -4.17901
0.913333      1.84082
0.913333      4.03704
0.913333      4.15889
0.913333      7.2468
0.913333      9.42653
0.913333      13.3721
0.913333      13.5081
0.92      -4.13257
0.92      1.74647
0.92      4.00285
0.92      4.13353
0.92      7.22523
0.92      9.33526
0.92      13.4896
0.92      13.6364
0.926667      -4.0845
0.926667      1.65241
0.926667      3.96974
0.926667      4.10836
0.926667      7.20402
0.926667      9.24361
0.926667      13.6087
0.926667      13.7652
0.933333      -4.03474
0.933333      1.55865
0.933333      3.93776
0.933333      4.0833
0.933333      7.18321
0.933333      9.15184
0.933333      13.7292
0.933333      13.8944
0.94      -3.98321
0.94      1.46517
0.94      3.90692
0.94      4.05832
0.94      7.16282
0.94      9.06018
0.94      13.8509
0.94      14.0237
0.946667      -3.92987
0.946667      1.37195
0.946667      3.87725
0.946667      4.03337
0.946667      7.14287
0.946667      8.96885
0.946667      13.9739
0.946667      14.1528
0.953333      -3.87465
0.953333      1.27898
0.953333      3.84876
0.953333      4.00844
0.953333      7.12341
0.953333      8.87806
0.953333      14.0978
0.953333      14.2816
0.96      -3.81753
0.96      1.18622
0.96      3.82148
0.96      3.98351
0.96      7.10448
0.96      8.78802
0.96      14.2224
0.96      14.4097
0.966667      -3.75845
0.966667      1.09364
0.966667      3.79541
0.966667      3.95856
0.966667      7.08612
0.966667      8.69893
0.966667      14.3476
0.966667      14.537
0.973333      -3.69741
0.973333      1.00121
0.973333      3.77056
0.973333      3.93362
0.973333      7.0684
0.973333      8.61098
0.973333      14.4731
0.973333      14.6632
0.98      -3.63437
0.98      0.908889
0.98      3.74691
0.98      3.90869
0.98      7.05136
0.98      8.52434
0.98      14.5985
0.98      14.7879
0.986667      -3.56934
0.986667      0.816643
0.986667      3.72447
0.986667      3.88381
0.986667      7.03508
0.986667      8.43918
0.986667      14.7237
0.986667      14.9109
0.993333      -3.50231
0.993333      0.724431
0.993333      3.70323
0.993333      3.85902
0.993333      7.01961
0.993333      8.35566
0.993333      14.8482
0.993333      15.0319
1      -3.4333
1      0.632212
1      3.68317
1      3.83435
1      7.00503
1      8.27391
1      14.9718
1      15.1506
1.00667      -3.36232
1.00667      0.539945
1.00667      3.66427
1.00667      3.80988
1.00667      6.99141
1.00667      8.19407
1.00667      15.094
1.00667      15.2668
1.01333      -3.2894
1.01333      0.447592
1.01333      3.6465
1.01333      3.78567
1.01333      6.97881
1.01333      8.11626
1.01333      15.2144
1.01333      15.3801
1.02      -3.21459
1.02      0.355114
1.02      3.62986
1.02      3.76179
1.02      6.96733
1.02      8.0406
1.02      15.3327
1.02      15.4903
1.02667      -3.13792
1.02667      0.262474
1.02667      3.61429
1.02667      3.73833
1.02667      6.95702
1.02667      7.96716
1.02667      15.4485
1.02667      15.5971
1.03333      -3.05945
1.03333      0.169641
1.03333      3.59979
1.03333      3.71536
1.03333      6.94798
1.03333      7.89605
1.03333      15.5613
1.03333      15.7002
1.04      -2.97924
1.04      0.0765828
1.04      3.58631
1.04      3.69298
1.04      6.94027
1.04      7.82733
1.04      15.6707
1.04      15.7993
1.04667      -2.89736
1.04667      -0.016726
1.04667      3.57383
1.04667      3.67128
1.04667      6.93397
1.04667      7.76107
1.04667      15.7763
1.04667      15.8941
1.05333      -2.81388
1.05333      -0.110308
1.05333      3.56231
1.05333      3.65036
1.05333      6.92916
1.05333      7.69733
1.05333      15.8777
1.05333      15.9844
1.06      -2.72889
1.06      -0.204179
1.06      3.55172
1.06      3.63031
1.06      6.92592
1.06      7.63613
1.06      15.9744
1.06      16.0699
1.06667      -2.64246
1.06667      -0.298353
1.06667      3.54203
1.06667      3.61122
1.06667      6.92432
1.06667      7.57753
1.06667      16.0661
1.06667      16.1504
1.07333      -2.5547
1.07333      -0.392834
1.07333      3.53321
1.07333      3.5932
1.07333      6.92443
1.07333      7.52155
1.07333      16.1524
1.07333      16.2257
1.08      -2.46569
1.08      -0.487624
1.08      3.52524
1.08      3.57633
1.08      6.92632
1.08      7.46819
1.08      16.2329
1.08      16.2955
1.08667      -2.37553
1.08667      -0.582715
1.08667      3.51808
1.08667      3.5607
1.08667      6.93006
1.08667      7.41748
1.08667      16.3073
1.08667      16.3595
1.09333      -2.28432
1.09333      -0.678095
1.09333      3.51171
1.09333      3.54639
1.09333      6.93572
1.09333      7.3694
1.09333      16.3751
1.09333      16.4177
1.1      -2.19216
1.1      -0.773744
1.1      3.50611
1.1      3.53348
1.1      6.94336
1.1      7.32397
1.1      16.4362
1.1      16.4699
1.10667      -2.09915
1.10667      -0.869636
1.10667      3.50126
1.10667      3.52204
1.10667      6.95303
1.10667      7.28116
1.10667      16.4902
1.10667      16.5158
1.11333      -2.00538
1.11333      -0.965737
1.11333      3.49714
1.11333      3.51213
1.11333      6.96481
1.11333      7.24097
1.11333      16.5368
1.11333      16.5553
1.12      -1.91096
1.12      -1.06201
1.12      3.49375
1.12      3.50381
1.12      6.97875
1.12      7.20337
1.12      16.5759
1.12      16.5884
1.12667      -1.81598
1.12667      -1.15839
1.12667      3.49105
1.12667      3.49712
1.12667      6.99489
1.12667      7.16833
1.12667      16.6073
1.12667      16.6148
1.13333      -1.72055
1.13333      -1.25485
1.13333      3.48905
1.13333      3.49211
1.13333      7.0133
1.13333      7.13584
1.13333      16.6308
1.13333      16.6346
1.14      -1.62474
1.14      -1.35131
1.14      3.48774
1.14      3.4888
1.14      7.03401
1.14      7.10585
1.14      16.6463
1.14      16.6476
1.14667      -1.52865
1.14667      -1.44771
1.14667      3.48712
1.14667      3.48721
1.14667      7.05708
1.14667      7.07833
1.14667      16.6538
1.14667      16.6539
1.14667      -1.49078
1.14667      -1.48554
1.14667      3.48647
1.14667      3.48713
1.14667      7.06473
1.14667      7.07148
1.14667      16.6535
1.14667      16.6537
1.15333      -1.49174
1.15333      -1.48451
1.15333      3.48594
1.15333      3.4872
1.15333      7.06393
1.15333      7.07338
1.15333      16.6525
1.15333      16.653
1.16      -1.49754
1.16      -1.47776
1.16      3.47878
1.16      3.48817
1.16      7.061
1.16      7.0912
1.16      16.64
1.16      16.6431
1.16667      -1.503
1.16667      -1.47049
1.16667      3.46517
1.16667      3.49002
1.16667      7.05995
1.16667      7.12072
1.16667      16.6159
1.16667      16.6242
1.17333      -1.5082
1.17333      -1.46264
1.17333      3.44541
1.17333      3.49276
1.17333      7.05964
1.17333      7.1627
1.17333      16.5805
1.17333      16.5964
1.18      -1.5132
1.18      -1.45414
1.18      3.41991
1.18      3.49639
1.18      7.05967
1.18      7.21697
1.18      16.5339
1.18      16.5597
1.18667      -1.51806
1.18667      -1.44497
1.18667      3.38919
1.18667      3.50089
1.18667      7.0599
1.18667      7.28303
1.18667      16.4767
1.18667      16.5143
1.19333      -1.52288
1.19333      -1.43506
1.19333      3.35379
1.19333      3.50625
1.19333      7.06028
1.19333      7.36017
1.19333      16.4091
1.19333      16.4606
1.2      -1.52773
1.2      -1.42439
1.2      3.3143
1.2      3.51247
1.2      7.06078
1.2      7.4476
1.2      16.3317
1.2      16.3986
1.20667      -1.53268
1.20667      -1.41291
1.20667      3.27127
1.20667      3.51954
1.20667      7.0614
1.20667      7.54449
1.20667      16.2451
1.20667      16.3288
1.21333      -1.53782
1.21333      -1.40059
1.21333      3.22525
1.21333      3.52744
1.21333      7.06213
1.21333      7.65001
1.21333      16.1499
1.21333      16.2515
1.22      -1.54323
1.22      -1.3874
1.22      3.17675
1.22      3.53616
1.22      7.06299
1.22      7.76332
1.22      16.0469
1.22      16.167
1.22667      -1.549
1.22667      -1.37332
1.22667      3.12622
1.22667      3.54567
1.22667      7.06399
1.22667      7.8836
1.22667      15.9367
1.22667      16.0758
1.23333      -1.55521
1.23333      -1.35834
1.23333      3.07408
1.23333      3.55597
1.23333      7.06514
1.23333      8.01005
1.23333      15.8202
1.23333      15.9782
1.24      -1.56195
1.24      -1.34243
1.24      3.02069
1.24      3.56703
1.24      7.06646
1.24      8.14191
1.24      15.6982
1.24      15.8748
1.24667      -1.56931
1.24667      -1.3256
1.24667      2.96637
1.24667      3.57883
1.24667      7.06797
1.24667      8.27843
1.24667      15.5717
1.24667      15.766
1.25333      -1.57738
1.25333      -1.30783
1.25333      2.9114
1.25333      3.59134
1.25333      7.06971
1.25333      8.41891
1.25333      15.4416
1.25333      15.6523
1.26      -1.58624
1.26      -1.28913
1.26      2.85602
1.26      3.60455
1.26      7.07171
1.26      8.56266
1.26      15.3087
1.26      15.5343
1.26667      -1.59599
1.26667      -1.26951
1.26667      2.80045
1.26667      3.61842
1.26667      7.07402
1.26667      8.70901
1.26667      15.1741
1.26667      15.4124
1.27333      -1.60672
1.27333      -1.24896
1.27333      2.74488
1.27333      3.63295
1.27333      7.07669
1.27333      8.85733
1.27333      15.0386
1.27333      15.2873
1.28      -1.61852
1.28      -1.2275
1.28      2.68948
1.28      3.64808
1.28      7.0798
1.28      9.00701
1.28      14.9032
1.28      15.1594
1.28667      -1.63149
1.28667      -1.20514
1.28667      2.63441
1.28667      3.66382
1.28667      7.08343
1.28667      9.15744
1.28667      14.7688
1.28667      15.0293
1.29333      -1.64571
1.29333      -1.18188
1.29333      2.5798
1.29333      3.68012
1.29333      7.08766
1.29333      9.30807
1.29333      14.6363
1.29333      14.8975
1.3      -1.66128
1.3      -1.15774
1.3      2.52581
1.3      3.69697
1.3      7.0926
1.3      9.45834
1.3      14.5064
1.3      14.7646
1.30667      -1.67829
1.30667      -1.13272
1.30667      2.47257
1.30667      3.71434
1.30667      7.09838
1.30667      9.60773
1.30667      14.38
1.30667      14.631
1.31333      -1.69683
1.31333      -1.10684
1.31333      2.42021
1.31333      3.73222
1.31333      7.10514
1.31333      9.75574
1.31333      14.2577
1.31333      14.4974
1.32      -1.71699
1.32      -1.08008
1.32      2.3689
1.32      3.75059
1.32      7.11301
1.32      9.9019
1.32      14.1402
1.32      14.3642
1.32667      -1.73884
1.32667      -1.05247
1.32667      2.31876
1.32667      3.76943
1.32667      7.12216
1.32667      10.0458
1.32667      14.0281
1.32667      14.2318
1.33333      -1.76246
1.33333      -1.02398
1.33333      2.26996
1.33333      3.78874
1.33333      7.13276
1.33333      10.1869
1.33333      13.9217
1.33333      14.1008
1.34      -1.78792
1.34      -0.994612
1.34      2.22266
1.34      3.80852
1.34      7.14499
1.34      10.325
1.34      13.8217
1.34      13.9714
1.34667      -1.81527
1.34667      -0.964358
1.34667      2.17704
1.34667      3.82876
1.34667      7.15901
1.34667      10.4597
1.34667      13.7281
1.34667      13.8442
1.35333      -1.84456
1.35333      -0.933202
1.35333      2.13327
1.35333      3.84947
1.35333      7.17501
1.35333      10.5906
1.35333      13.6413
1.35333      13.7194
1.36      -1.87583
1.36      -0.901124
1.36      2.09153
1.36      3.87065
1.36      7.19315
1.36      10.7175
1.36      13.5613
1.36      13.5974
1.36667      -1.90908
1.36667      -0.868101
1.36667      2.05201
1.36667      3.89234
1.36667      7.21359
1.36667      10.8402
1.36667      13.4785
1.36667      13.4881
1.36667      -1.90908
1.36667      -0.868101
1.36667      2.05201
1.36667      3.89234
1.36667      7.21359
1.36667      10.8402
1.36667      13.4785
1.36667      13.4881
1.37333      -1.94433
1.37333      -0.834106
1.37333      2.0149
1.37333      3.91454
1.37333      7.23648
1.37333      10.9585
1.37333      13.3629
1.37333      13.4218
1.38      -1.98156
1.38      -0.799111
1.38      1.9804
1.38      3.93729
1.38      7.26194
1.38      11.0723
1.38      13.2508
1.38      13.362
1.38667      -2.02074
1.38667      -0.763085
1.38667      1.94867
1.38667      3.96062
1.38667      7.29007
1.38667      11.1815
1.38667      13.1424
1.38667      13.3087
1.39333      -2.06182
1.39333      -0.725992
1.39333      1.91989
1.39333      3.98456
1.39333      7.32095
1.39333      11.2861
1.39333      13.0377
1.39333      13.2614
1.4      -2.10474
1.4      -0.687798
1.4      1.89423
1.4      4.00916
1.4      7.35462
1.4      11.3861
1.4      12.937
1.4      13.2198
1.40667      -2.14941
1.40667      -0.648467
1.40667      1.87185
1.40667      4.03446
1.40667      7.39111
1.40667      11.4816
1.40667      12.8401
1.40667      13.1834
1.41333      -2.19574
1.41333      -0.607962
1.41333      1.85287
1.41333      4.06051
1.41333      7.43039
1.41333      11.5728
1.41333      12.7472
1.41333      13.1518
1.42      -2.24364
1.42      -0.566247
1.42      1.83741
1.42      4.08736
1.42      7.47242
1.42      11.6596
1.42      12.6583
1.42      13.1244
1.42667      -2.29297
1.42667      -0.523289
1.42667      1.82557
1.42667      4.11504
1.42667      7.51713
1.42667      11.7424
1.42667      12.5731
1.42667      13.1007
1.43333      -2.34363
1.43333      -0.479054
1.43333      1.81744
1.43333      4.14362
1.43333      7.5644
1.43333      11.8214
1.43333      12.4917
1.43333      13.0801
1.44      -2.39548
1.44      -0.433512
1.44      1.81306
1.44      4.17313
1.44      7.6141
1.44      11.8967
1.44      12.4139
1.44      13.062
1.44667      -2.4484
1.44667      -0.386638
1.44667      1.81249
1.44667      4.2036
1.44667      7.66606
1.44667      11.9685
1.44667      12.3396
1.44667      13.0459
1.45333      -2.50225
1.45333      -0.338409
1.45333      1.81573
1.45333      4.23508
1.45333      7.72011
1.45333      12.0371
1.45333      12.2687
1.45333      13.0314
1.46      -2.55692
1.46      -0.288808
1.46      1.8228
1.46      4.26759
1.46      7.77603
1.46      12.1026
1.46      12.2008
1.46      13.0178
1.46667      -2.61229
1.46667      -0.237825
1.46667      1.83367
1.46667      4.30115
1.46667      7.8336
1.46667      12.1358
1.46667      12.1651
1.46667      13.0048
1.47333      -2.66824
1.47333      -0.185455
1.47333      1.84832
1.47333      4.33577
1.47333      7.89258
1.47333      12.0736
1.47333      12.2249
1.47333      12.9921
1.48      -2.72467
1.48      -0.1317
1.48      1.8667
1.48      4.37145
1.48      7.95272
1.48      12.0138
1.48      12.2819
1.48      12.9793
1.48667      -2.78147
1.48667      -0.0765692
1.48667      1.88874
1.48667      4.40819
1.48667      8.01377
1.48667      11.9562
1.48667      12.3361
1.48667      12.9662
1.49333      -2.83857
1.49333      -0.0200809
1.49333      1.91439
1.49333      4.44596
1.49333      8.07545
1.49333      11.9006
1.49333      12.3876
1.49333      12.9526
1.5      -2.89587
1.5      0.0377411
1.5      1.94354
1.5      4.48473
1.5      8.1375
1.5      11.8467
1.5      12.4363
1.5      12.9385
1.50667      -2.95331
1.50667      0.0968651
1.50667      1.9761
1.50667      4.52447
1.50667      8.19964
1.50667      11.7943
1.50667      12.482
1.50667      12.9238
1.51333      -3.01081
1.51333      0.157253
1.51333      2.01197
1.51333      4.56512
1.51333      8.26162
1.51333      11.7431
1.51333      12.5245
1.51333      12.9087
1.52      -3.06833
1.52      0.218862
1.52      2.05101
1.52      4.60662
1.52      8.32316
1.52      11.693
1.52      12.5634
1.52      12.8934
1.52667      -3.1258
1.52667      0.281644
1.52667      2.09311
1.52667      4.6489
1.52667      8.38402
1.52667      11.6437
1.52667      12.5983
1.52667      12.8783
1.53333      -3.18317
1.53333      0.345547
1.53333      2.13811
1.53333      4.69189
1.53333      8.44393
1.53333      11.5949
1.53333      12.6284
1.53333      12.864
1.54      -3.2404
1.54      0.410518
1.54      2.18586
1.54      4.73549
1.54      8.50266
1.54      11.5465
1.54      12.6527
1.54      12.8516
1.54667      -3.29745
1.54667      0.476506
1.54667      2.23619
1.54667      4.77961
1.54667      8.55998
1.54667      11.4983
1.54667      12.6699
1.54667      12.8424
1.55333      -3.35427
1.55333      0.54346
1.55333      2.28891
1.55333      4.82414
1.55333      8.61567
1.55333      11.4501
1.55333      12.6787
1.55333      12.8375
1.56      -3.41082
1.56      0.611331
1.56      2.34384
1.56      4.86899
1.56      8.66951
1.56      11.4018
1.56      12.679
1.56      12.8372
1.56667      -3.46706
1.56667      0.680078
1.56667      2.40076
1.56667      4.91404
1.56667      8.72133
1.56667      11.3532
1.56667      12.6722
1.56667      12.84
1.57333      -3.52294
1.57333      0.749665
1.57333      2.45946
1.57333      4.95918
1.57333      8.77092
1.57333      11.3041
1.57333      12.6605
1.57333      12.8437
1.58      -3.57843
1.58      0.820062
1.58      2.51972
1.58      5.00429
1.58      8.81814
1.58      11.2546
1.58      12.6458
1.58      12.8465
1.58667      -3.63347
1.58667      0.891251
1.58667      2.58129
1.58667      5.04927
1.58667      8.86282
1.58667      11.2044
1.58667      12.6296
1.58667      12.847
1.59333      -3.68802
1.59333      0.963219
1.59333      2.64395
1.59333      5.09399
1.59333      8.90484
1.59333      11.1536
1.59333      12.6129
1.59333      12.8442
1.6      -3.74202
1.6      1.03596
1.6      2.70744
1.6      5.13835
1.6      8.94405
1.6      11.102
1.6      12.5962
1.6      12.8376
1.60667      -3.79543
1.60667      1.10949
1.60667      2.77153
1.60667      5.18224
1.60667      8.98037
1.60667      11.0497
1.60667      12.58
1.60667      12.8269
1.61333      -3.8482
1.61333      1.18382
1.61333      2.83598
1.61333      5.22556
1.61333      9.0137
1.61333      10.9966
1.61333      12.5646
1.61333      12.8117
1.62      -3.90027
1.62      1.25897
1.62      2.90057
1.62      5.2682
1.62      9.04398
1.62      10.9427
1.62      12.5502
1.62      12.7921
1.62667      -3.95158
1.62667      1.33496
1.62667      2.96508
1.62667      5.31007
1.62667      9.07116
1.62667      10.888
1.62667      12.5368
1.62667      12.7679
1.63333      -4.00209
1.63333      1.41184
1.63333      3.0293
1.63333      5.3511
1.63333      9.0952
1.63333      10.8327
1.63333      12.5244
1.63333      12.7393
1.64      -4.05174
1.64      1.48964
1.64      3.09307
1.64      5.39119
1.64      9.11612
1.64      10.7766
1.64      12.5128
1.64      12.7065
1.64667      -4.10049
1.64667      1.56841
1.64667      3.15622
1.64667      5.43028
1.64667      9.13392
1.64667      10.72
1.64667      12.5012
1.64667      12.6702
1.65333      -4.14828
1.65333      1.64819
1.65333      3.21862
1.65333      5.46832
1.65333      9.14866
1.65333      10.6628
1.65333      12.4883
1.65333      12.6319
1.66      -4.19507
1.66      1.72902
1.66      3.28017
1.66      5.50524
1.66      9.1604
1.66      10.6052
1.66      12.4709
1.66      12.5946
1.66667      -4.24083
1.66667      1.81096
1.66667      3.3408
1.66667      5.541
1.66667      9.16925
1.66667      10.5472
1.66667      12.4436
1.66667      12.5638
1.67333      -4.28552
1.67333      1.89404
1.67333      3.40045
1.67333      5.57557
1.67333      9.17534
1.67333      10.4889
1.67333      12.4021
1.67333      12.5436
1.68      -4.32912
1.68      1.97831
1.68      3.45911
1.68      5.60893
1.68      9.1788
1.68      10.4305
1.68      12.348
1.68      12.5324
1.68667      -4.3716
1.68667      2.06381
1.68667      3.5168
1.68667      5.64106
1.68667      9.17983
1.68667      10.3721
1.68667      12.2849
1.68667      12.5265
1.69333      -4.41297
1.69333      2.15057
1.69333      3.57356
1.69333      5.67196
1.69333      9.17861
1.69333      10.3139
1.69333      12.215
1.69333      12.5234
1.7      -4.45322
1.7      2.23863
1.7      3.62945
1.7      5.70162
1.7      9.17535
1.7      10.2558
1.7      12.1399
1.7      12.5216
1.70667      -4.49236
1.70667      2.32802
1.70667      3.68458
1.70667      5.73007
1.70667      9.17029
1.70667      10.1981
1.70667      12.0601
1.70667      12.5203
1.71333      -4.53041
1.71333      2.41876
1.71333      3.73905
1.71333      5.75733
1.71333      9.16367
1.71333      10.1409
1.71333      11.9764
1.71333      12.5187
1.72      -4.5674
1.72      2.51086
1.72      3.79299
1.72      5.78341
1.72      9.15573
1.72      10.0843
1.72      11.889
1.72      12.5163
1.72667      -4.60336
1.72667      2.60433
1.72667      3.84655
1.72667      5.80837
1.72667      9.14674
1.72667      10.0285
1.72667      11.7984
1.72667      12.5125
1.73333      -4.63835
1.73333      2.69919
1.73333      3.89988
1.73333      5.83225
1.73333      9.13694
1.73333      9.97356
1.73333      11.705
1.73333      12.5069
1.74      -4.67243
1.74      2.79543
1.74      3.95314
1.74      5.85509
1.74      9.12659
1.74      9.91959
1.74      11.6092
1.74      12.499
1.74667      -4.70565
1.74667      2.89304
1.74667      4.0065
1.74667      5.87695
1.74667      9.11595
1.74667      9.86672
1.74667      11.5112
1.74667      12.4884
1.75333      -4.7381
1.75333      2.992
1.75333      4.06011
1.75333      5.89789
1.75333      9.10524
1.75333      9.81506
1.75333      11.4115
1.75333      12.4746
1.76      -4.76985
1.76      3.09228
1.76      4.11415
1.76      5.91798
1.76      9.09471
1.76      9.7647
1.76      11.3104
1.76      12.4574
1.76667      -4.80099
1.76667      3.19385
1.76667      4.16875
1.76667      5.93727
1.76667      9.08458
1.76667      9.71573
1.76667      11.2082
1.76667      12.4362
1.77333      -4.8316
1.77333      3.29665
1.77333      4.22406
1.77333      5.95585
1.77333      9.07504
1.77333      9.66823
1.77333      11.1055
1.77333      12.4109
1.78      -4.86178
1.78      3.40063
1.78      4.28022
1.78      5.97377
1.78      9.0663
1.78      9.62228
1.78      11.0024
1.78      12.3811
1.78667      -4.8916
1.78667      3.50571
1.78667      4.33735
1.78667      5.99111
1.78667      9.05851
1.78667      9.57792
1.78667      10.8994
1.78667      12.3466
1.79333      -4.92116
1.79333      3.6118
1.79333      4.39555
1.79333      6.00792
1.79333      9.05183
1.79333      9.53522
1.79333      10.7968
1.79333      12.3072
1.8      -4.95053
1.8      3.71878
1.8      4.45491
1.8      6.02429
1.8      9.0464
1.8      9.49421
1.8      10.695
1.8      12.2627
1.80667      -4.97979
1.80667      3.82652
1.80667      4.51552
1.80667      6.04026
1.80667      9.04231
1.80667      9.45493
1.80667      10.5942
1.80667      12.2131
1.81333      -5.00901
1.81333      3.93486
1.81333      4.57744
1.81333      6.0559
1.81333      9.03967
1.81333      9.41739
1.81333      10.4949
1.81333      12.1583
1.82      -5.03823
1.82      4.04364
1.82      4.64073
1.82      6.07125
1.82      9.03853
1.82      9.38161
1.82      10.3973
1.82      12.0983
1.82667      -5.06751
1.82667      4.15262
1.82667      4.70545
1.82667      6.08637
1.82667      9.03892
1.82667      9.3476
1.82667      10.3018
1.82667      12.0331
1.83333      -5.09687
1.83333      4.26159
1.83333      4.77162
1.83333      6.10128
1.83333      9.04087
1.83333      9.31534
1.83333      10.2085
1.83333      11.9628
1.84      -5.12632
1.84      4.37028
1.84      4.83929
1.84      6.11604
1.84      9.04435
1.84      9.28482
1.84      10.1178
1.84      11.8875
1.84667      -5.15588
1.84667      4.47839
1.84667      4.90848
1.84667      6.13065
1.84667      9.04932
1.84667      9.25602
1.84667      10.03
1.84667      11.8076
1.85333      -5.18553
1.85333      4.58561
1.85333      4.97922
1.85333      6.14514
1.85333      9.0557
1.85333      9.22892
1.85333      9.94512
1.85333      11.7231
1.86      -5.21524
1.86      4.6916
1.86      5.05151
1.86      6.15951
1.86      9.06339
1.86      9.20348
1.86      9.86349
1.86      11.6344
1.86667      -5.24496
1.86667      4.79602
1.86667      5.12533
1.86667      6.17377
1.86667      9.07224
1.86667      9.17966
1.86667      9.78527
1.86667      11.5419
1.87333      -5.27464
1.87333      4.89853
1.87333      5.20065
1.87333      6.18791
1.87333      9.08206
1.87333      9.15741
1.87333      9.71062
1.87333      11.446
1.88      -5.3042
1.88      4.99884
1.88      5.27733
1.88      6.20192
1.88      9.09262
1.88      9.1367
1.88      9.63966
1.88      11.3471
1.88667      -5.33356
1.88667      5.09673
1.88667      5.35519
1.88667      6.21576
1.88667      9.10363
1.88667      9.11746
1.88667      9.57253
1.88667      11.2458
1.89333      -5.36262
1.89333      5.19204
1.89333      5.4339
1.89333      6.22942
1.89333      9.09964
1.89333      9.11476
1.89333      9.50935
1.89333      11.1427
1.9      -5.39128
1.9      5.28476
1.9      5.51302
1.9      6.24286
1.9      9.08319
1.9      9.12556
1.9      9.45022
1.9      11.0384
1.90667      -5.41942
1.90667      5.37494
1.90667      5.592
1.90667      6.25602
1.90667      9.06806
1.90667      9.1355
1.90667      9.39531
1.90667      10.9338
1.91333      -5.44691
1.91333      5.46272
1.91333      5.67018
1.91333      6.26888
1.91333      9.05417
1.91333      9.14386
1.91333      9.34483
1.91333      10.8297
1.92      -5.47363
1.92      5.54825
1.92      5.74687
1.92      6.28136
1.92      9.04147
1.92      9.14962
1.92      9.29922
1.92      10.7271
1.92667      -5.49944
1.92667      5.63165
1.92667      5.82139
1.92667      6.29343
1.92667      9.02991
1.92667      9.1512
1.92667      9.25941
1.92667      10.627
1.93333      -5.52422
1.93333      5.71296
1.93333      5.89308
1.93333      6.30502
1.93333      9.01943
1.93333      9.14607
1.93333      9.22717
1.93333      10.5307
1.94      -5.54782
1.94      5.79213
1.94      5.96135
1.94      6.31606
1.94      9.00998
1.94      9.13189
1.94      9.20404
1.94      10.4394
1.94667      -5.57012
1.94667      5.869
1.94667      6.0257
1.94667      6.32651
1.94667      9.00149
1.94667      9.11043
1.94667      9.18744
1.94667      10.3543
1.95333      -5.59099
1.95333      5.94326
1.95333      6.08566
1.95333      6.3363
1.95333      8.99392
1.95333      9.08643
1.95333      9.17197
1.95333      10.2768
1.96      -5.61031
1.96      6.01448
1.96      6.14085
1.96      6.34538
1.96      8.98722
1.96      9.063
1.96      9.15408
1.96      10.208
1.96667      -5.62795
1.96667      6.08207
1.96667      6.19097
1.96667      6.35368
1.96667      8.98135
1.96667      9.04147
1.96667      9.13247
1.96667      10.1485
1.97333      -5.64382
1.97333      6.1453
1.97333      6.23576
1.97333      6.36115
1.97333      8.97626
1.97333      9.02233
1.97333      9.10718
1.97333      10.0986
1.98      -5.65781
1.98      6.20332
1.98      6.27499
1.98      6.36775
1.98      8.97192
1.98      9.00576
1.98      9.07921
1.98      10.0581
1.98667      -5.66984
1.98667      6.25516
1.98667      6.30852
1.98667      6.37342
1.98667      8.9683
1.98667      8.99181
1.98667      9.05022
1.98667      10.0262
1.99333      -5.67983
1.99333      6.29978
1.99333      6.3362
1.99333      6.37814
1.99333      8.96536
1.99333      8.98044
1.99333      9.02227
1.99333      10.0021
2      -5.68771
2      6.33613
2      6.35795
2      6.38187
2      8.96309
2      8.97162
2      8.99751
2      9.98462
2.00667      -5.69344
2.00667      6.36323
2.00667      6.3737
2.00667      6.38458
2.00667      8.96147
2.00667      8.9653
2.00667      8.97794
2.00667      9.97281
2.01333      -5.69697
2.01333      6.38027
2.01333      6.38339
2.01333      6.38625
2.01333      8.96047
2.01333      8.96143
2.01333      8.96516
2.01333      9.9659
2.02      -5.69829
2.02      6.38679
2.02      6.38688
2.02      6.3869
2.02      8.96007
2.02      8.96011
2.02      8.96018
2.02      9.9634
