k = (-1/7, 3/7, -1/7) = (0, -0.5528, -0.0815) (cartesian)
k2 = (-3/7, 1/7, -3/7) = (0, 0.5528, -0.0815) (cartesian)


k = (0, -0.5528, -0.0815)			k2 = (0, 0.5528, -0.0815)

(-1.910e+02,-1.753e-12)  	  xxx  		(-1.910e+02,-2.265e-13)
(-1.349e+03,-1.099e-12)  	  xyx  		(+9.799e+02,+1.055e-12) 
(+2.079e+03,+2.851e-12)  	  xzx		(+2.079e+03,+2.962e-13)

(-7.144e+02,-1.925e-13)  	  xxy		(+5.298e+02,-2.152e-13)
(-5.669e-01,-2.493e-13)  	  xyy		(-2.954e-01,+6.014e-13)
(-1.066e+00,+4.407e-13)  	  xzy		(+9.675e-01,+1.762e-12)

(+1.087e+03,+2.817e-13)  	  xxz		(+1.087e+03,-8.664e-13)
(+3.430e-01,+7.149e-14)  	  xyz		(-5.843e-01,+8.442e-13)
(+1.663e+00,-3.380e-13)  	  xzz		(+1.663e+00,+2.829e-12)


(-7.144e+02,-1.925e-13)  	  yxx     	(+5.298e+02,-2.152e-13)
(-5.669e-01,-2.493e-13)  	  yyx   	(-2.954e-01,+6.014e-13)
(-1.066e+00,+4.407e-13)  	  yyy 		(+9.675e-01,+1.762e-12)

(+1.023e+00,+1.372e-13)  	  yxy		(+1.476e+00,-4.417e-13)	
(+5.931e-02,-5.663e-15)  	  yyy 		(+3.725e-01,-5.663e-15)
(-9.300e+00,-3.398e-14)  	  yzy		(-1.613e+01,+1.133e-14)

(-2.927e+00,-5.947e-13)  	  yxz		(+3.287e+00,-1.549e-12)
(+1.086e+01,+5.663e-15)  	  yyz		(+9.183e+00,+0.000e+00)
(-7.971e+00,+2.548e-14)  	  yzz		(+8.267e+00,+0.000e+00)



(+1.087e+03,+2.817e-13)		  zxx   	(+1.087e+03,-8.664e-13)
(+3.430e-01,+7.149e-14)    	  zyx		(-5.843e-01,+8.442e-13)
(+1.663e+00,-3.380e-13)    	  zzx		(+1.663e+00,+2.829e-12)

(-2.927e+00,-5.947e-13)		  zxy		(+3.287e+00,-1.549e-12)
(+1.086e+01,+5.663e-15)		  zyy		(+9.183e+00,+0.000e+00)
(-7.971e+00,+2.548e-14)		  zzy		(+8.267e+00,+0.000e+00)

(+2.841e+00,+1.600e-12)		  zxz		(+2.841e+00,-3.889e-12)
(-2.408e+01,-2.831e-14)		  zyz		(+2.439e+01,-1.133e-14)
(+1.419e+01,-4.530e-14)		  zzz		(+1.419e+01,+1.699e-14)
